0.000
0.305
0.496
-0.124
0.039
0.064
-0.124
0.087
0.112
0.156
-0.085
-0.098
0.034
-0.008
-0.003
-0.180
-0.212
-0.222
-0.199
-0.013
0.122
0.183
0.591
0.138
-0.140
0.689
-0.885
-0.493
0.156
-0.421
0.006
0.609
-0.251
-0.270
-0.085
-0.125
-0.010
0.026
0.196
-0.132
-0.080
0.443
0.885
-0.556
-0.557
0.042
0.222
-0.040
-0.296
0.006
0.487
-0.344
-0.178
0.064
-0.071
0.010
0.013
0.074
0.800
-0.296
-0.671
0.010
-0.026
0.080
0.225
0.159
-0.336
-0.209
-0.064
0.321
0.032
-0.032
0.016
-0.177
0.145
-0.112
1.542
-1.510
0.088
0.124
0.143
-0.217
-0.214
-0.035
0.418
-0.185
-0.084
-0.151
1.054
-0.893
-0.141
0.040
-0.010
1.220
-0.988
-0.122
0.022
-0.276
0.164
-0.058
-0.029
-0.116
-0.029
-0.013
1.076
-0.809
0.938
-0.893
-0.337
-0.022
0.032
0.114
-0.024
0.533
-0.400
-0.398
0.138
0.116
0.003
-0.072
-0.074
0.308
0.033
-0.267
-0.042
0.006
-0.026
0.366
-0.006
0.006
0.222
-0.380
-0.241
-0.016
0.177
-0.080
0.064
-0.029
0.055
-0.051
0.037
0.005
-0.014
-0.002
-0.130
-0.041
0.135
0.048
-0.125
-0.019
0.569
0.116
-0.546
-0.084
0.090
-0.156
0.035
0.032
0.006
-0.085
0.445
-0.209
-0.257
0.079
0.037
-0.173
-0.084
0.344
-0.188
-0.145
0.146
-0.016
-0.112
0.034
-0.043
-0.031
-0.003
0.013
0.003
-0.006
-0.019
0.161
0.275
0.146
-0.594
0.867
-0.787
-0.080
-0.032
0.177
-0.016
-0.032
1.044
-1.044
0.032
-0.177
-0.015
-0.001
0.246
-0.218
-0.013
0.117
-0.117
0.072
-0.092
0.769
-0.679
0.002
0.776
-0.739
-0.019
-0.084
0.057
-0.084
0.103
0.199
-0.202
-0.100
-0.022
1.320
-0.826
-0.443
-0.051
0.112
0.029
-0.101
0.035
-0.067
0.035
1.180
-0.284
-0.681
-0.228
1.102
-0.649
-0.363
-0.071
0.949
0.717
-0.925
-0.642
-0.003
-0.125
-0.061
0.141
0.042
-0.138
0.883
-0.308
-0.167
0.640
0.552
-0.418
0.369
-1.381
-0.193
0.000
0.000
0.161
-0.209
0.466
-0.337
-0.015
-0.088
0.019
0.234
-0.177
-0.051
-0.032
0.084
0.140
-0.188
0.108
-0.116
0.795
-0.705
-0.074
1.346
-1.195
0.010
-0.011
0.026
-0.154
-0.048
0.716
-0.552
-0.183
0.026
0.019
0.145
1.320
-0.989
-0.469
-0.022
0.479
-0.115
0.115
-0.127
-0.125
-0.026
0.344
-0.357
0.503
-0.411
-0.297
1.208
-0.654
-0.422
-0.056
0.130
-0.096
0.096
-0.029
0.047
0.027
0.496
-0.176
-0.318
-0.132
-0.084
0.029
-0.010
-0.007
0.020
0.305
0.402
-0.755
0.000
0.402
-0.241
-0.161
-0.016
0.000
0.000
-0.044
0.689
0.684
-0.988
-0.161
-0.120
-0.013
0.000
-0.014
0.013
0.175
0.048
-0.199
-0.037
-0.002
0.260
0.187
-0.183
0.022
-0.199
0.241
-0.247
-0.055
0.122
0.042
-0.112
-0.042
0.151
-0.116
-0.050
0.052
-0.043
0.039
0.153
-0.138
-0.048
-0.031
0.172
0.104
-0.031
-0.158
-0.100
0.032
-0.022
0.016
0.119
-0.029
-0.067
0.051
-0.039
0.045
0.402
-0.006
-0.344
0.029
0.128
0.112
-0.257
0.000
0.161
-0.128
0.996
-0.596
-0.281
-0.138
0.117
-0.087
-0.011
0.145
-0.157
0.007
1.368
-0.944
-0.026
-0.324
-0.100
0.655
-0.466
-0.003
-0.116
0.137
-0.125
-0.071
0.140
0.564
-0.446
0.930
-0.581
-0.585
0.536
-0.345
-0.244
0.095
0.499
-0.342
0.045
-0.083
-0.190
-0.019
-0.010
0.128
0.013
-0.058
0.069
0.788
-0.450
0.080
-0.225
-0.225
0.161
-0.287
0.096
0.000
-0.016
-0.074
0.238
-0.218
0.103
0.491
-0.420
-0.221
0.202
-0.161
0.061
0.145
-0.190
0.292
-0.132
0.305
-0.308
-0.112
0.472
-0.382
-0.112
0.093
-0.003
1.138
0.474
-1.195
-0.622
0.024
0.445
0.088
-0.331
-0.148
-0.088
-0.064
0.079
0.026
0.138
-0.055
-0.051
0.106
0.033
-0.020
-0.145
0.466
-0.453
0.200
-0.088
0.941
-0.949
-0.088
-0.040
0.067
0.139
-0.048
-0.148
0.777
-0.543
-0.251
0.010
0.170
-0.006
1.062
-0.691
-0.496
0.630
-0.371
-0.241
0.520
-0.274
-0.213
0.045
0.116
0.116
-0.100
-0.026
0.563
0.873
-1.558
-0.096
0.032
0.145
-0.161
0.000
-0.029
0.098
0.040
0.018
-0.128
0.694
-0.572
1.749
-1.590
0.104
-0.270
0.032
-0.024
0.093
-0.013
-0.087
0.122
-0.029
-0.093
0.829
-0.395
-0.261
-0.026
-0.128
-0.053
0.011
0.084
0.067
-0.067
-0.047
0.077
0.042
0.022
-0.077
-0.093
0.135
-0.022
0.013
-0.008
-0.120
0.193
0.048
-0.241
0.145
-0.145
0.175
-0.156
0.125
-0.128
0.302
-0.124
0.647
-0.596
-0.175
0.058
-0.048
0.087
0.334
-0.193
-0.145
0.572
-0.199
-0.357
0.164
-0.211
-0.090
0.095
0.084
0.109
0.039
-0.124
0.019
-0.075
0.308
-0.100
-0.286
0.212
0.312
-0.540
0.016
0.000
0.277
-0.102
-0.145
0.188
-0.165
-0.006
0.103
-0.104
0.031
0.136
-0.009
0.530
-0.379
-0.154
0.006
-0.125
-0.006
0.122
0.041
0.004
-0.011
0.108
0.048
-0.056
-0.204
0.058
-0.010
0.061
0.095
0.075
0.916
-0.324
-0.678
-0.103
0.154
-0.016
-0.010
0.263
0.341
-0.530
-0.016
0.175
0.234
-0.092
-0.143
0.087
-0.206
0.063
-0.092
0.003
0.045
0.123
-0.077
0.218
0.588
-0.357
0.071
-0.376
-0.119
0.020
-0.025
0.120
0.440
-0.308
-0.236
-0.003
0.005
-0.135
0.170
0.087
0.067
0.170
-0.077
-0.042
-0.006
0.022
0.080
0.064
0.145
1.140
-1.205
-0.209
0.128
-0.117
-0.026
1.169
-0.911
-0.116
0.781
-0.622
0.037
-0.247
-0.043
-0.016
-0.016
0.892
-0.559
-0.267
-0.045
0.006
-0.022
0.122
0.020
-0.061
0.088
0.026
-0.088
-0.056
-0.032
0.137
0.074
-0.096
-0.054
0.004
-0.003
-0.006
0.000
0.000
0.016
0.161
-0.145
0.064
0.048
0.029
-0.084
0.019
-0.040
0.111
-0.103
0.684
-0.411
-0.193
-0.064
0.077
-0.067
0.170
-0.132
-0.006
0.150
-0.105
-0.056
0.196
-0.087
-0.050
0.032
0.347
-0.226
0.648
-0.194
-0.552
-0.058
0.090
-0.016
0.034
0.132
-0.160
0.111
0.116
-0.177
0.731
0.127
-0.646
-0.217
0.230
0.001
-0.083
0.045
-0.151
1.359
0.055
-0.922
0.328
-0.482
-0.103
-0.116
-0.003
-0.037
0.111
-0.055
-0.374
0.153
0.115
0.013
0.051
0.459
-0.116
-0.258
0.020
-0.016
0.000
-0.048
0.819
-0.787
0.112
0.177
-0.073
0.108
-0.190
0.122
0.247
1.124
-1.323
-0.175
0.117
1.388
-1.137
-0.331
1.025
-0.607
-0.357
-0.048
0.202
0.296
-0.363
-0.119
0.357
-0.257
0.077
-0.096
0.067
-0.032
0.366
-0.164
-0.201
0.293
-0.108
-0.106
0.116
-0.029
-0.093
-0.080
0.193
-0.032
-0.112
0.289
0.321
0.613
-1.052
0.006
1.099
-0.400
-0.564
-0.215
0.009
0.160
-0.026
-0.106
0.132
-0.090
0.726
-0.530
-0.051
0.067
0.002
-0.173
0.130
0.300
-0.257
0.087
-0.124
0.374
-0.194
-0.279
0.077
0.202
-0.122
-0.051
0.132
-0.219
0.453
-0.258
0.154
-0.080
0.003
-0.143
0.201
-0.019
-0.135
-0.000
-0.012
0.216
0.003
-0.103
0.016
0.061
-0.000
-0.080
0.086
-0.017
-0.013
0.005
0.101
0.021
0.103
-0.109
0.056
0.548
-0.395
-0.148
-0.053
0.114
0.037
0.358
-0.019
-0.218
0.003
0.025
0.010
1.445
-1.574
-0.032
0.514
-0.402
0.225
-0.112
0.044
0.019
-0.100
0.047
-0.008
0.851
0.601
0.591
-1.690
-0.238
0.169
-0.138
-0.009
0.019
0.003
0.116
0.042
0.016
-0.055
0.529
-0.135
-0.249
-0.106
0.533
-0.287
-0.148
0.034
0.102
0.049
-0.016
0.022
0.781
-0.225
-0.501
-0.032
-0.131
0.032
0.096
-0.015
0.071
-0.064
-0.051
0.039
1.508
-1.293
-0.148
-0.013
-0.016
-0.002
0.039
0.087
0.071
-0.090
0.090
0.029
-0.090
0.094
-0.080
-0.064
0.040
0.008
0.074
-0.034
0.162
0.102
-0.094
-0.119
-0.013
0.022
0.064
0.116
-0.064
0.019
0.058
-0.010
0.048
-0.161
0.177
0.096
-0.146
-0.015
1.388
-1.233
-0.067
0.024
1.375
-1.163
-0.161
0.918
-0.618
-0.334
-0.058
-0.006
-0.064
0.524
-0.340
-0.080
-0.025
0.425
-0.183
-0.170
0.141
-0.095
-0.078
-0.044
0.080
0.697
0.071
-0.520
-0.048
0.068
-0.047
-0.164
-0.003
0.190
-0.167
0.196
-0.019
0.429
-0.544
0.006
0.139
-0.112
0.119
0.976
-0.896
0.411
-0.392
1.182
-0.954
-0.333
0.029
-0.087
0.013
0.159
0.024
0.031
-0.116
0.021
0.034
-0.124
-0.073
-0.137
-0.045
0.199
0.077
-0.045
0.006
0.071
-0.116
0.003
0.215
0.039
-0.013
0.027
-0.117
0.000
0.145
-0.048
0.096
-0.016
0.088
-0.165
-0.048
0.026
0.090
-0.077
0.019
-0.026
0.156
-0.022
-0.073
-0.003
-0.010
0.665
-0.450
-0.167
0.087
0.093
-0.052
-0.011
-0.125
0.077
-0.043
-0.010
0.014
0.112
-0.042
0.141
0.021
-0.085
0.004
-0.032
0.048
0.077
-0.103
0.540
-0.042
-0.427
0.022
0.053
-0.030
0.128
-0.177
0.048
0.073
-0.079
0.207
-0.048
0.035
-0.226
-0.185
0.311
0.034
-0.151
0.196
0.443
-0.379
-0.170
0.077
-0.260
0.186
-0.162
-0.043
-0.050
0.067
0.077
0.037
0.055
0.087
-0.145
-0.090
0.064
-0.048
0.029
-0.173
-0.090
0.110
0.131
-0.209
-0.369
0.209
0.048
1.092
-0.482
0.559
-1.378
0.085
-0.146
0.284
0.843
-0.806
-0.287
0.268
-0.270
-0.041
-0.006
0.100
0.077
-0.090
0.064
-0.003
0.075
0.233
0.109
0.077
0.018
-0.016
-0.117
-0.084
0.132
0.048
-0.128
-0.013
0.059
-0.147
0.117
-0.048
1.670
-1.333
-0.161
0.000
0.369
-0.016
-0.225
-0.204
0.110
0.145
1.431
-1.216
-0.037
-0.074
0.251
-0.246
0.027
-0.066
0.045
-0.065
-0.096
-0.019
0.116
0.496
-0.364
-0.186
0.817
-0.490
-0.536
-0.210
-0.076
0.048
0.504
0.209
-0.340
-0.132
0.077
0.053
-0.146
0.672
-0.699
0.291
-0.247
-0.234
-0.167
0.037
0.423
-0.077
-0.096
0.026
0.318
0.064
0.138
0.112
-0.039
-0.033
-0.005
0.191
0.082
-0.101
-0.021
0.133
0.581
-0.493
0.131
-0.481
-0.334
1.259
0.077
-0.790
-0.334
-0.029
0.006
-0.018
0.204
-0.257
0.088
0.312
-0.501
0.692
-0.581
0.432
-0.023
0.278
-0.055
-0.122
-0.112
-0.069
0.106
0.064
-0.130
0.055
0.554
-0.368
-0.217
0.003
0.164
1.185
0.405
-1.101
-0.601
0.524
-0.161
-0.154
0.204
-0.277
-0.088
0.020
-0.214
-0.053
0.271
0.334
-0.270
0.010
-0.169
0.111
-0.029
-0.084
0.008
-0.032
-0.010
-0.154
0.051
-0.055
0.173
0.200
-0.067
0.127
-0.215
-0.024
0.032
0.141
-0.039
-0.055
0.097
0.145
-0.087
-0.106
0.157
0.013
0.321
-0.263
-0.578
-0.082
0.120
-0.161
0.048
0.402
-0.088
0.179
-0.181
1.886
-1.450
-0.387
-0.008
1.086
-0.786
-0.407
-0.180
0.302
0.302
-0.241
-0.164
0.029
0.039
-0.096
0.090
-0.088
0.147
-0.064
-0.051
1.174
-0.713
-0.352
-0.142
-0.065
-0.087
0.119
0.222
-0.029
0.010
0.055
0.148
0.208
-0.044
-0.450
-0.289
0.257
-0.102
0.944
-0.559
0.475
-0.402
-0.051
1.340
-0.961
-0.289
0.032
-0.186
-0.022
1.124
-1.018
-0.440
0.202
0.058
0.034
0.689
0.559
-0.986
0.034
-0.028
-0.227
-0.019
0.064
0.158
0.221
-0.096
-0.193
-0.016
0.193
-0.193
-0.032
0.029
1.434
-1.142
-0.347
-0.066
0.544
-0.402
-0.051
-0.058
0.112
-0.051
-0.173
0.128
-0.164
-0.090
-0.164
-0.026
0.132
-0.186
0.588
-0.073
0.047
0.137
-0.067
-0.055
0.175
0.043
0.053
-0.005
0.006
-0.133
-0.010
0.434
-0.183
-0.173
0.029
-0.128
0.662
0.925
-1.635
0.000
-0.016
-0.015
0.085
0.140
-0.173
0.022
-0.010
-0.031
0.023
-0.033
0.016
-0.045
0.013
0.212
0.013
-0.164
-0.026
0.209
-0.090
-0.035
-0.034
-0.149
0.178
-0.259
0.880
-0.512
-0.275
0.125
0.029
0.116
0.048
-0.087
-0.151
0.103
-0.135
-0.231
-0.091
0.058
0.402
0.219
-0.094
-0.128
0.088
-0.018
-0.075
0.440
-0.514
0.187
-0.214
-0.016
0.026
0.183
1.356
-1.137
-0.353
0.273
-0.201
-0.134
0.784
-0.456
-0.308
0.026
0.084
-0.089
-0.012
0.029
0.485
0.636
-0.585
-0.411
-0.029
-0.051
-0.077
-0.122
0.131
-0.064
0.000
0.177
0.337
-0.498
0.029
0.176
0.034
0.146
-0.244
0.434
-0.382
-0.193
0.056
-0.122
0.260
0.070
-0.030
0.157
-0.202
-0.087
-0.019
0.074
0.135
0.646
-0.512
-0.250
0.630
0.978
-0.854
-0.519
0.035
-0.149
-0.128
-0.014
0.102
-0.080
-0.241
-0.116
0.353
0.186
-0.093
-0.058
-0.161
0.577
-0.324
0.087
0.130
-0.526
0.112
0.700
-0.418
-0.170
0.019
-0.071
0.144
0.342
-0.262
-0.164
0.157
-0.022
-0.084
-0.070
0.086
-0.010
-0.019
0.344
-0.414
-0.171
0.412
-0.257
-0.016
0.161
-0.048
-0.016
-0.128
-0.225
0.321
0.029
0.003
0.087
0.096
0.010
-0.202
0.614
-0.508
0.527
-0.376
-0.340
1.182
-0.051
-0.697
-0.363
0.662
-0.265
-0.437
-0.003
0.326
-0.100
-0.119
-0.051
-0.077
0.138
-0.035
-0.106
0.186
0.077
-0.085
0.309
0.469
-0.530
-0.122
-0.021
-0.002
-0.130
0.000
0.054
-0.078
0.067
0.177
0.051
0.016
0.247
-0.402
-0.064
-0.000
0.008
-0.007
0.164
-0.029
-0.122
0.022
-0.190
0.347
-0.078
-0.152
0.067
-0.128
0.010
0.059
-0.040
0.675
-0.498
0.016
1.975
-2.152
-0.064
0.402
-0.321
-0.190
-0.106
0.063
0.268
0.029
0.130
0.029
-0.244
-0.128
0.047
0.282
-0.183
0.247
0.398
-0.472
-0.228
-0.058
0.234
0.151
0.087
-0.084
0.143
0.599
0.874
-0.935
-0.565
-0.075
-0.034
-0.006
0.067
-0.042
-0.048
-0.003
0.071
0.398
-0.472
-0.218
0.496
0.548
-0.841
0.479
-0.499
0.010
0.095
-0.294
0.299
-0.055
0.082
-0.103
0.469
-0.504
0.087
-0.029
-0.022
0.169
-0.006
0.056
-0.175
-0.114
0.069
-0.202
0.180
0.132
0.342
-0.234
-0.206
0.064
0.742
-0.254
-0.809
0.225
-0.109
-0.096
0.026
-0.128
0.073
0.466
-0.867
-0.128
0.380
0.009
0.185
0.151
0.173
-0.170
-0.122
-0.026
0.056
-0.138
-0.173
0.132
-0.305
0.029
-0.022
0.141
-0.154
0.234
-0.006
0.086
0.017
0.013
0.055
-0.127
-0.018
-0.093
0.053
-0.103
-0.287
0.061
0.416
-0.147
-0.333
-0.148
0.302
0.276
-0.116
-0.244
-0.180
0.321
-0.016
0.835
-0.209
-0.932
-0.289
0.096
-0.102
-0.068
1.555
-1.272
-0.233
0.137
0.797
-0.737
-0.063
-0.026
0.691
0.019
-0.079
0.005
0.054
-0.167
0.135
0.456
0.064
-0.305
0.234
-0.244
0.074
-0.148
-0.194
0.093
0.164
0.010
0.132
-0.218
0.026
0.085
-0.215
0.196
-0.089
-0.152
0.260
0.071
-0.067
-0.013
-0.138
-0.096
-0.005
0.146
0.000
-0.263
0.017
0.771
-0.753
0.124
-0.034
0.022
0.061
0.151
0.096
1.121
-0.764
-0.299
0.067
-0.121
0.746
-0.535
-0.162
0.204
0.846
-0.591
-0.355
0.109
-0.013
-0.068
0.013
-0.128
-0.045
0.472
-0.125
-0.216
0.100
-0.514
0.498
-0.080
0.032
-0.289
-0.128
0.177
0.190
-0.039
0.051
0.050
-0.400
0.244
-0.257
-0.141
0.263
0.058
0.729
0.183
-0.514
-0.141
-0.132
0.045
0.032
0.003
0.140
0.019
-0.071
0.111
0.058
-0.146
0.106
-0.141
0.111
1.132
-0.564
-1.147
0.035
0.373
0.035
0.054
0.123
-0.161
0.140
1.203
-1.690
0.549
-1.087
0.217
0.226
-0.071
1.290
-0.906
-0.103
0.154
0.809
-0.035
-0.816
-0.100
-0.001
-0.042
0.087
1.021
-0.671
0.915
-0.689
0.047
-0.340
-0.402
0.224
-0.126
-0.434
0.071
-0.010
-0.128
0.005
0.030
-0.177
0.289
-0.128
0.175
0.104
0.082
-0.165
-0.352
0.483
0.058
-0.304
0.067
0.691
-0.279
-0.053
-0.071
0.122
-0.234
-0.350
0.058
0.055
-0.115
-0.064
0.119
-0.104
0.191
-0.148
-0.055
0.226
-0.059
0.091
0.868
-0.260
-0.414
0.283
0.218
-0.122
-0.058
-0.279
-0.145
0.635
0.984
-1.542
0.128
-0.219
-0.065
-0.149
0.273
0.148
0.042
0.489
-0.599
-0.087
-0.234
0.475
-0.071
-0.026
0.045
0.177
0.159
-0.057
-0.178
-0.092
-0.082
0.241
0.239
-0.104
-0.090
-0.077
-0.051
-0.021
-0.039
0.088
0.164
-0.006
0.103
0.122
0.832
-0.177
-0.527
-0.082
-0.146
0.883
-1.156
0.594
-0.064
-0.161
0.193
-0.434
0.146
-0.101
0.146
0.263
-0.190
0.135
-0.026
-0.120
-0.056
-0.019
0.038
0.009
0.039
-0.003
-0.042
0.055
0.016
0.231
-0.173
0.032
-0.055
-0.032
-0.097
0.089
-0.059
0.165
-0.021
0.458
-0.188
-0.207
0.109
-0.116
0.074
0.144
0.644
-0.161
-0.604
-0.116
-0.013
0.022
0.244
0.057
-0.141
1.510
-1.397
-0.032
-0.048
-0.016
0.146
0.174
-0.185
0.021
-0.140
-0.117
0.220
-0.104
0.014
-0.069
0.018
0.070
0.067
0.334
-0.125
-0.064
0.022
-0.148
0.206
0.026
-0.114
0.092
-0.100
0.034
-0.080
0.442
-0.260
-0.214
0.220
0.244
-0.116
-0.051
-0.055
-0.061
0.029
0.038
-0.242
0.782
-0.517
0.164
-0.032
-0.180
-0.019
0.053
0.204
-0.119
-0.106
-0.042
0.045
0.103
-0.016
-0.021
-0.016
0.018
0.021
0.117
-0.132
0.013
1.040
-0.420
-0.536
0.103
-0.026
-0.103
0.064
-0.019
-0.076
-0.019
0.013
1.476
-1.180
-0.323
0.226
0.128
-0.278
-0.006
0.173
0.402
-0.347
0.019
0.009
-0.009
-0.135
-0.035
0.448
-0.273
-0.040
-0.079
-0.029
0.172
-0.025
0.005
-0.019
-0.125
-0.106
0.076
0.181
0.161
-0.209
-0.048
-0.080
0.161
0.594
-0.658
0.021
-0.075
0.019
0.133
-0.087
1.434
-0.938
-0.324
0.030
-0.143
-0.154
-0.042
-0.055
0.514
-0.318
0.299
-0.218
-0.196
1.326
-0.751
-0.630
0.029
0.175
0.006
-0.080
-0.058
0.047
0.131
0.045
-0.196
-0.122
0.077
-0.003
-0.090
0.225
0.209
-0.096
-0.080
-0.128
0.175
-0.170
0.124
0.074
0.137
0.145
-0.202
0.048
-0.071
-0.043
0.084
0.048
-0.045
0.617
-0.498
-0.000
0.578
0.806
-0.806
-0.475
-0.100
0.254
-0.145
-0.127
-0.005
0.212
-0.080
1.115
-0.151
-0.806
-0.039
0.116
-0.064
-0.162
0.117
0.029
0.191
-0.022
-0.063
0.124
-0.246
1.749
-1.421
-0.108
0.021
-0.074
0.161
-0.122
0.202
-0.003
1.423
-1.028
-0.464
0.046
-0.051
0.018
-0.010
0.120
-0.055
-0.048
0.247
0.229
0.089
-0.286
-0.084
0.077
-0.067
0.003
0.466
0.135
-0.263
-0.321
0.819
0.241
-0.920
0.096
-0.196
0.120
0.421
-0.374
0.561
-0.424
-0.170
0.040
-0.040
0.116
0.096
0.067
0.630
0.270
-0.858
-0.067
-0.167
-0.028
0.200
0.071
0.085
-0.040
-0.191
0.292
-0.228
-0.119
0.109
0.049
-0.071
0.016
0.016
0.106
-0.061
-0.048
0.080
0.080
0.610
-0.594
-0.161
-0.029
0.026
0.177
0.092
-0.079
1.046
-1.068
-0.045
1.123
-0.859
-0.109
-0.116
-0.093
0.896
-0.658
-0.234
0.228
-0.135
-0.025
0.020
0.286
-0.172
0.448
-0.271
-0.165
-0.007
0.079
-0.042
-0.061
-0.022
0.617
0.141
-0.438
-0.133
-0.029
0.241
0.257
1.212
-1.411
0.061
0.026
-0.145
0.143
-0.098
-0.027
0.273
0.117
-0.279
-0.039
0.019
0.119
0.132
0.103
-0.032
-0.128
-0.157
0.201
0.211
-0.048
0.024
-0.106
-0.037
0.012
0.039
0.074
0.080
0.061
-0.106
-0.090
-0.010
0.594
-0.305
-0.032
-0.064
-0.145
0.193
0.032
0.867
-0.980
-0.096
0.759
-0.618
-0.063
0.190
0.353
-0.281
0.022
-0.181
0.167
1.423
-1.434
0.231
-0.244
-0.135
0.154
-0.035
1.073
-0.870
0.202
-0.212
-0.161
-0.045
0.017
0.560
-0.135
-0.249
-0.039
0.011
0.331
0.128
-0.281
-0.071
0.000
0.106
0.077
-0.183
0.032
0.115
0.013
0.010
-0.143
1.205
-1.257
0.002
0.231
0.126
-0.087
0.045
0.064
-0.079
0.061
0.352
-0.321
-0.048
-0.002
0.351
0.817
-0.934
-0.302
0.139
-0.051
0.027
0.014
0.207
0.004
-0.146
-0.039
0.005
-0.011
0.283
-0.158
-0.119
0.016
-0.015
-0.021
0.116
-0.009
-0.001
0.110
-0.158
0.068
-0.161
0.150
0.036
-0.155
1.294
-1.135
1.251
-1.069
1.060
-0.803
-0.553
-0.102
0.243
-0.084
-0.028
0.079
0.032
-0.007
-0.016
0.072
-0.087
0.034
-0.004
0.113
-0.010
0.081
0.143
-0.064
-0.035
0.047
-0.134
-0.001
-0.012
0.212
0.112
0.039
-0.211
0.087
0.079
-0.061
0.018
0.137
0.034
-0.013
0.136
-0.165
-0.029
0.019
-0.073
0.170
-0.122
-0.046
0.132
0.011
-0.042
0.023
0.307
-0.034
-0.183
-0.074
0.024
0.352
-0.028
-0.295
-0.048
0.622
0.057
-0.553
0.029
0.318
-0.093
0.027
-0.080
0.161
-0.007
-0.104
0.078
-0.016
-0.048
-0.061
-0.014
-0.013
0.136
-0.026
0.075
-0.174
0.027
0.166
0.138
-0.026
-0.107
-0.079
0.091
0.282
-0.150
-0.085
0.425
-0.075
-0.289
-0.007
-0.091
0.154
0.017
0.078
0.301
-0.441
0.106
-0.046
0.063
0.017
-0.016
-0.095
0.071
-0.020
0.168
-0.136
0.066
-0.032
-0.162
0.123
0.161
0.218
-0.246
0.031
0.687
-0.441
-0.432
0.233
0.436
-0.551
-0.198
0.804
-0.455
-0.230
0.176
0.224
-0.164
0.813
-0.426
-0.402
-0.154
0.278
0.221
-0.213
-0.088
0.040
0.027
0.148
0.014
-0.239
-0.050
0.166
0.022
-0.085
0.029
0.064
-0.079
0.777
-0.658
0.596
1.436
-2.001
1.667
-1.309
-0.273
-0.082
0.020
-0.054
0.978
-0.448
-0.174
-0.010
0.000
-0.101
0.442
-0.242
-0.174
-0.096
0.296
0.281
-0.188
0.046
-0.069
-0.231
0.246
0.123
-0.187
-0.014
-0.020
0.093
-0.037
0.018
0.167
0.153
0.073
-0.158
0.236
-0.363
0.218
0.797
-0.756
0.085
-0.107
0.641
-0.660
0.107
-0.132
0.180
-0.027
-0.114
0.150
0.630
-0.351
-0.376
0.683
-0.585
-0.134
0.020
0.199
-0.076
0.135
-0.137
-0.027
0.146
-0.061
0.101
0.118
-0.169
0.019
0.028
-0.132
-0.029
0.070
0.123
1.356
-0.989
-0.487
0.471
-0.221
0.029
-0.086
0.771
-0.597
-0.382
0.247
-0.036
-0.119
0.091
0.056
0.359
-0.028
-0.284
-0.156
0.036
-0.030
-0.008
1.051
-0.245
-0.673
-0.104
0.060
0.202
-0.029
0.063
0.509
0.085
-0.682
-0.022
0.041
0.091
-0.089
0.102
-0.128
-0.031
-0.104
-0.014
0.637
-0.350
-0.025
-0.058
-0.036
0.098
-0.163
0.053
-0.014
-0.014
0.027
0.220
-0.038
-0.016
0.230
-0.204
0.053
-0.081
-0.097
-0.076
0.010
0.119
0.028
0.011
0.130
0.006
0.118
0.234
-0.219
-0.272
0.060
-0.187
0.164
0.037
-0.012
0.569
0.771
-1.155
-0.112
-0.060
-0.003
-0.047
0.062
0.476
-0.410
-0.142
0.114
0.056
0.057
0.014
0.354
-0.238
-0.235
0.086
-0.083
-0.093
-0.004
0.071
0.019
-0.060
0.186
-0.035
-0.046
0.122
0.053
-0.057
-0.101
-0.104
0.160
-0.164
0.148
0.125
0.468
-0.388
-0.250
0.007
0.036
0.083
-0.106
0.055
-0.172
0.067
0.065
0.011
-0.050
0.064
-0.104
0.001
-0.092
0.056
0.293
0.802
-0.062
-0.839
-0.252
0.690
0.858
-1.325
-0.190
-0.034
0.125
0.373
-0.436
