0.000
0.305
0.091
-0.124
0.039
0.064
-0.124
0.087
0.112
0.156
-0.085
-0.098
0.034
-0.008
-0.003
-0.180
-0.212
-0.222
-0.199
-0.013
0.122
0.183
0.161
0.138
-0.140
-0.066
0.008
0.082
0.156
-0.421
0.006
-0.122
-0.251
-0.270
-0.085
-0.125
-0.010
0.026
0.196
-0.132
-0.080
0.443
0.343
0.243
0.142
0.042
0.222
-0.040
-0.296
0.006
-0.169
-0.344
-0.178
0.064
-0.071
0.010
0.013
0.074
-0.111
-0.296
-0.143
0.010
-0.026
0.080
0.225
0.159
-0.336
-0.209
-0.064
0.321
0.032
-0.032
0.016
-0.177
0.145
-0.112
-0.046
0.021
0.088
0.124
0.143
-0.217
-0.214
-0.035
0.418
-0.185
-0.084
-0.151
-0.148
-0.145
-0.141
0.040
-0.010
-0.047
-0.085
-0.122
0.022
-0.276
0.164
-0.058
-0.029
-0.116
-0.029
-0.013
-0.078
-0.143
-0.208
-0.272
-0.337
-0.022
0.032
0.114
-0.024
-0.212
-0.400
-0.398
0.138
0.116
0.003
-0.072
-0.074
0.308
0.033
-0.267
-0.042
0.006
-0.026
0.366
-0.006
0.006
0.222
-0.380
-0.241
-0.016
0.177
-0.080
0.064
-0.029
0.055
-0.051
0.037
0.005
-0.014
-0.002
-0.130
-0.041
0.135
0.048
-0.125
-0.019
0.048
0.116
0.016
-0.084
0.090
-0.156
0.035
0.032
0.006
-0.085
0.445
-0.209
-0.257
0.079
0.037
-0.173
-0.084
0.344
-0.188
-0.145
0.146
-0.016
-0.112
0.034
-0.043
-0.031
-0.003
0.013
0.003
-0.006
-0.019
0.161
0.275
0.146
0.089
0.033
-0.024
-0.080
-0.032
0.177
-0.016
-0.032
-0.011
0.011
0.032
-0.177
-0.015
-0.001
0.246
-0.218
-0.013
0.117
-0.117
0.072
-0.092
-0.060
-0.029
0.002
-0.005
-0.012
-0.019
-0.084
0.057
-0.084
0.103
0.199
-0.202
-0.100
-0.022
-0.163
-0.303
-0.443
-0.051
0.112
0.029
-0.101
0.035
-0.067
0.035
-0.124
-0.284
-0.256
-0.228
-0.273
-0.318
-0.363
-0.071
-0.057
-0.044
-0.030
-0.017
-0.003
-0.125
-0.061
0.141
0.042
-0.138
-0.223
-0.308
-0.167
-0.251
-0.334
-0.418
0.369
0.088
-0.193
0.000
0.000
0.161
-0.209
0.466
-0.337
-0.015
-0.088
0.019
0.234
-0.177
-0.051
-0.032
0.084
0.140
-0.188
0.108
-0.116
-0.102
-0.088
-0.074
-0.046
-0.018
0.010
-0.011
0.026
-0.154
-0.048
-0.093
-0.138
-0.183
0.026
0.019
0.145
-0.060
-0.264
-0.469
-0.022
0.479
-0.115
0.115
-0.127
-0.125
-0.026
0.344
-0.357
-0.384
-0.411
-0.297
-0.339
-0.381
-0.422
-0.056
0.130
-0.096
0.096
-0.029
0.047
0.027
-0.075
-0.176
-0.318
-0.132
-0.084
0.029
-0.010
-0.007
0.020
0.305
0.402
0.201
0.000
0.402
-0.241
-0.161
-0.016
0.000
0.000
-0.044
-0.073
-0.102
-0.131
-0.161
-0.120
-0.013
0.000
-0.014
0.013
0.175
0.048
-0.199
-0.037
-0.002
0.260
0.187
-0.183
0.022
-0.199
0.241
-0.247
-0.055
0.122
0.042
-0.112
-0.042
0.151
-0.116
-0.050
0.052
-0.043
0.039
0.153
-0.138
-0.048
-0.031
0.172
0.104
-0.031
-0.158
-0.100
0.032
-0.022
0.016
0.119
-0.029
-0.067
0.051
-0.039
0.045
0.402
-0.006
-0.344
0.029
0.128
0.112
-0.257
0.000
0.161
-0.128
-0.179
-0.230
-0.281
-0.138
0.117
-0.087
-0.011
0.145
-0.157
0.007
-0.004
-0.015
-0.026
-0.324
-0.100
-0.283
-0.466
-0.003
-0.116
0.137
-0.125
-0.071
0.140
-0.153
-0.446
-0.426
-0.406
-0.386
-0.366
-0.345
-0.244
0.095
-0.124
-0.342
0.045
-0.083
-0.190
-0.019
-0.010
0.128
0.013
-0.058
0.069
-0.190
-0.450
0.080
-0.225
-0.225
0.161
-0.287
0.096
0.000
-0.016
-0.074
0.238
-0.218
0.103
-0.159
-0.420
-0.221
0.202
-0.161
0.061
0.145
-0.190
0.292
-0.132
0.305
-0.308
-0.112
0.472
-0.382
-0.112
0.093
-0.003
0.236
0.474
0.324
0.174
0.024
0.445
0.088
-0.331
-0.148
-0.088
-0.064
0.079
0.026
0.138
-0.055
-0.051
0.106
0.033
-0.020
-0.145
0.466
-0.453
0.200
-0.088
-0.088
-0.088
-0.088
-0.040
0.067
0.139
-0.048
-0.148
-0.182
-0.216
-0.251
0.010
0.170
-0.006
-0.079
-0.152
-0.225
-0.298
-0.371
-0.241
-0.257
-0.274
-0.213
0.045
0.116
0.116
-0.100
-0.026
-0.043
-0.061
-0.079
-0.096
0.032
0.145
-0.161
0.000
-0.029
0.098
0.040
0.018
-0.128
-0.082
-0.035
0.011
0.058
0.104
-0.270
0.032
-0.024
0.093
-0.013
-0.087
0.122
-0.029
-0.093
-0.244
-0.395
-0.261
-0.026
-0.128
-0.053
0.011
0.084
0.067
-0.067
-0.047
0.077
0.042
0.022
-0.077
-0.093
0.135
-0.022
0.013
-0.008
-0.120
0.193
0.048
-0.241
0.145
-0.145
0.175
-0.156
0.125
-0.128
0.302
-0.124
-0.141
-0.158
-0.175
0.058
-0.048
0.087
0.334
-0.193
-0.145
-0.172
-0.199
-0.357
0.164
-0.211
-0.090
0.095
0.084
0.109
0.039
-0.124
0.019
-0.075
0.308
-0.100
-0.286
0.212
0.312
0.164
0.016
0.000
0.277
-0.102
-0.145
0.188
-0.165
-0.006
0.103
-0.104
0.031
0.136
-0.009
-0.194
-0.379
-0.154
0.006
-0.125
-0.006
0.122
0.041
0.004
-0.011
0.108
0.048
-0.056
-0.204
0.058
-0.010
0.061
0.095
0.075
-0.125
-0.324
-0.214
-0.103
0.154
-0.016
-0.010
0.263
0.341
0.163
-0.016
0.175
0.234
-0.092
-0.143
0.087
-0.206
0.063
-0.092
0.003
0.045
0.123
-0.077
0.218
-0.069
-0.357
0.071
-0.376
-0.119
0.020
-0.025
0.120
0.440
-0.308
-0.236
-0.003
0.005
-0.135
0.170
0.087
0.067
0.170
-0.077
-0.042
-0.006
0.022
0.080
0.064
0.145
0.027
-0.091
-0.209
0.128
-0.117
-0.026
-0.056
-0.086
-0.116
-0.065
-0.014
0.037
-0.247
-0.043
-0.016
-0.016
-0.100
-0.183
-0.267
-0.045
0.006
-0.022
0.122
0.020
-0.061
0.088
0.026
-0.088
-0.056
-0.032
0.137
0.074
-0.096
-0.054
0.004
-0.003
-0.006
0.000
0.000
0.016
0.161
-0.145
0.064
0.048
0.029
-0.084
0.019
-0.040
0.111
-0.103
-0.257
-0.411
-0.193
-0.064
0.077
-0.067
0.170
-0.132
-0.006
0.150
-0.105
-0.056
0.196
-0.087
-0.050
0.032
0.347
-0.226
-0.210
-0.194
-0.126
-0.058
0.090
-0.016
0.034
0.132
-0.160
0.111
0.116
-0.177
-0.025
0.127
-0.045
-0.217
0.230
0.001
-0.083
0.045
-0.151
-0.048
0.055
0.191
0.328
-0.482
-0.103
-0.116
-0.003
-0.037
0.111
-0.055
-0.374
0.153
0.115
0.013
0.051
0.459
-0.116
-0.258
0.020
-0.016
0.000
-0.048
0.005
0.059
0.112
0.177
-0.073
0.108
-0.190
0.122
0.247
0.107
-0.034
-0.175
0.117
-0.033
-0.182
-0.331
-0.339
-0.348
-0.357
-0.048
0.202
0.296
-0.363
-0.119
0.357
-0.257
0.077
-0.096
0.067
-0.032
0.366
-0.164
-0.201
0.293
-0.108
-0.106
0.116
-0.029
-0.093
-0.080
0.193
-0.032
-0.112
0.289
0.321
0.216
0.111
0.006
-0.197
-0.400
-0.308
-0.215
0.009
0.160
-0.026
-0.106
0.132
-0.090
-0.077
-0.064
-0.051
0.067
0.002
-0.173
0.130
0.300
-0.257
0.087
-0.124
0.374
-0.194
-0.279
0.077
0.202
-0.122
-0.051
0.132
-0.219
0.453
-0.258
0.154
-0.080
0.003
-0.143
0.201
-0.019
-0.135
-0.000
-0.012
0.216
0.003
-0.103
0.016
0.061
-0.000
-0.080
0.086
-0.017
-0.013
0.005
0.101
0.021
0.103
-0.109
0.056
-0.169
-0.395
-0.148
-0.053
0.114
0.037
0.358
-0.019
-0.218
0.003
0.025
0.010
-0.004
-0.018
-0.032
-0.217
-0.402
0.225
-0.112
0.044
0.019
-0.100
0.047
-0.008
-0.054
-0.100
-0.146
-0.192
-0.238
0.169
-0.138
-0.009
0.019
0.003
0.116
0.042
0.016
-0.055
-0.095
-0.135
-0.249
-0.106
-0.197
-0.287
-0.148
0.034
0.102
0.049
-0.016
0.022
-0.101
-0.225
-0.129
-0.032
-0.131
0.032
0.096
-0.015
0.071
-0.064
-0.051
0.039
-0.024
-0.086
-0.148
-0.013
-0.016
-0.002
0.039
0.087
0.071
-0.090
0.090
0.029
-0.090
0.094
-0.080
-0.064
0.040
0.008
0.074
-0.034
0.162
0.102
-0.094
-0.119
-0.013
0.022
0.064
0.116
-0.064
0.019
0.058
-0.010
0.048
-0.161
0.177
0.096
-0.146
-0.015
-0.032
-0.050
-0.067
0.024
-0.037
-0.099
-0.161
-0.218
-0.276
-0.334
-0.058
-0.006
-0.064
-0.202
-0.340
-0.080
-0.025
0.425
-0.183
-0.170
0.141
-0.095
-0.078
-0.044
0.080
0.075
0.071
0.011
-0.048
0.068
-0.047
-0.164
-0.003
0.190
-0.167
0.196
-0.019
0.429
0.218
0.006
0.139
-0.112
0.119
0.216
0.314
0.411
-0.392
-0.372
-0.353
-0.333
0.029
-0.087
0.013
0.159
0.024
0.031
-0.116
0.021
0.034
-0.124
-0.073
-0.137
-0.045
0.199
0.077
-0.045
0.006
0.071
-0.116
0.003
0.215
0.039
-0.013
0.027
-0.117
0.000
0.145
-0.048
0.096
-0.016
0.088
-0.165
-0.048
0.026
0.090
-0.077
0.019
-0.026
0.156
-0.022
-0.073
-0.003
-0.010
-0.230
-0.450
-0.167
0.087
0.093
-0.052
-0.011
-0.125
0.077
-0.043
-0.010
0.014
0.112
-0.042
0.141
0.021
-0.085
0.004
-0.032
0.048
0.077
-0.103
-0.072
-0.042
-0.427
0.022
0.053
-0.030
0.128
-0.177
0.048
0.073
-0.079
0.207
-0.048
0.035
-0.226
-0.185
0.311
0.034
-0.151
0.196
0.443
-0.379
-0.170
0.077
-0.260
0.186
-0.162
-0.043
-0.050
0.067
0.077
0.037
0.055
0.087
-0.145
-0.090
0.064
-0.048
0.029
-0.173
-0.090
0.110
0.131
-0.209
-0.369
0.209
0.048
-0.217
-0.482
-0.293
-0.104
0.085
-0.146
0.284
0.094
-0.097
-0.287
0.268
-0.270
-0.041
-0.006
0.100
0.077
-0.090
0.064
-0.003
0.075
0.233
0.109
0.077
0.018
-0.016
-0.117
-0.084
0.132
0.048
-0.128
-0.013
0.059
-0.147
0.117
-0.048
-0.086
-0.123
-0.161
0.000
0.369
-0.016
-0.225
-0.204
0.110
0.145
0.084
0.024
-0.037
-0.074
0.251
-0.246
0.027
-0.066
0.045
-0.065
-0.096
-0.019
0.116
-0.124
-0.364
-0.186
-0.338
-0.490
-0.350
-0.210
-0.076
0.048
0.128
0.209
-0.340
-0.132
0.077
0.053
-0.146
-0.000
0.145
0.291
-0.247
-0.234
-0.167
0.037
0.423
-0.077
-0.096
0.026
0.318
0.064
0.138
0.112
-0.039
-0.033
-0.005
0.191
0.082
-0.101
-0.021
0.133
0.133
0.132
0.131
-0.481
-0.334
-0.128
0.077
-0.128
-0.334
-0.029
0.006
-0.018
0.204
-0.257
0.088
0.312
0.342
0.372
0.402
0.432
-0.023
0.278
-0.055
-0.122
-0.112
-0.069
0.106
0.064
-0.130
0.055
-0.157
-0.368
-0.217
0.003
0.164
0.285
0.405
0.264
0.122
-0.019
-0.161
-0.154
0.204
-0.277
-0.088
0.020
-0.214
-0.053
0.271
0.334
-0.270
0.010
-0.169
0.111
-0.029
-0.084
0.008
-0.032
-0.010
-0.154
0.051
-0.055
0.173
0.200
-0.067
0.127
-0.215
-0.024
0.032
0.141
-0.039
-0.055
0.097
0.145
-0.087
-0.106
0.157
0.013
0.321
-0.263
-0.173
-0.082
0.120
-0.161
0.048
0.402
-0.088
0.179
-0.181
-0.250
-0.319
-0.387
-0.008
-0.141
-0.274
-0.407
-0.180
0.302
0.302
-0.241
-0.164
0.029
0.039
-0.096
0.090
-0.088
0.147
-0.064
-0.051
-0.152
-0.252
-0.352
-0.142
-0.065
-0.087
0.119
0.222
-0.029
0.010
0.055
0.148
0.208
-0.044
-0.450
-0.289
0.257
-0.102
0.090
0.283
0.475
-0.402
-0.051
-0.131
-0.210
-0.289
0.032
-0.186
-0.022
-0.162
-0.301
-0.440
0.202
0.058
0.034
0.034
0.034
0.034
0.034
-0.028
-0.227
-0.019
0.064
0.158
0.221
-0.096
-0.193
-0.016
0.193
-0.193
-0.032
0.029
-0.096
-0.222
-0.347
-0.066
-0.234
-0.402
-0.051
-0.058
0.112
-0.051
-0.173
0.128
-0.164
-0.090
-0.164
-0.026
0.132
-0.186
-0.130
-0.073
0.047
0.137
-0.067
-0.055
0.175
0.043
0.053
-0.005
0.006
-0.133
-0.010
0.434
-0.183
-0.173
0.029
-0.128
-0.096
-0.064
-0.032
0.000
-0.016
-0.015
0.085
0.140
-0.173
0.022
-0.010
-0.031
0.023
-0.033
0.016
-0.045
0.013
0.212
0.013
-0.164
-0.026
0.209
-0.090
-0.035
-0.034
-0.149
0.178
-0.259
-0.264
-0.269
-0.275
0.125
0.029
0.116
0.048
-0.087
-0.151
0.103
-0.135
-0.231
-0.091
0.058
0.402
0.219
-0.094
-0.128
0.088
-0.018
-0.075
0.440
0.314
0.187
-0.214
-0.016
0.026
0.183
0.004
-0.175
-0.353
0.273
-0.201
-0.134
-0.295
-0.456
-0.308
0.026
0.084
-0.089
-0.012
0.029
-0.081
-0.191
-0.301
-0.411
-0.029
-0.051
-0.077
-0.122
0.131
-0.064
0.000
0.177
0.337
0.183
0.029
0.176
0.034
0.146
-0.244
0.434
-0.382
-0.193
0.056
-0.122
0.260
0.070
-0.030
0.157
-0.202
-0.087
-0.019
0.074
0.135
0.007
-0.121
-0.250
-0.193
-0.136
-0.079
-0.022
0.035
-0.149
-0.128
-0.014
0.102
-0.080
-0.241
-0.116
0.353
0.186
-0.093
-0.058
-0.161
-0.243
-0.324
0.087
0.130
0.121
0.112
-0.153
-0.418
-0.170
0.019
-0.071
0.144
0.342
-0.262
-0.164
0.157
-0.022
-0.084
-0.070
0.086
-0.010
-0.019
0.344
-0.414
-0.171
0.412
-0.257
-0.016
0.161
-0.048
-0.016
-0.128
-0.225
0.321
0.029
0.003
0.087
0.096
0.010
-0.202
-0.246
-0.289
-0.332
-0.376
-0.340
-0.196
-0.051
-0.207
-0.363
-0.314
-0.265
-0.437
-0.003
0.326
-0.100
-0.119
-0.051
-0.077
0.138
-0.035
-0.106
0.186
0.077
-0.085
0.309
0.469
0.173
-0.122
-0.021
-0.002
-0.130
0.000
0.054
-0.078
0.067
0.177
0.051
0.016
0.247
-0.402
-0.064
-0.000
0.008
-0.007
0.164
-0.029
-0.122
0.022
-0.190
0.347
-0.078
-0.152
0.067
-0.128
0.010
0.059
-0.040
-0.021
-0.003
0.016
-0.011
-0.037
-0.064
0.402
-0.321
-0.190
-0.106
0.063
0.268
0.029
0.130
0.029
-0.244
-0.128
0.047
0.282
-0.183
0.247
0.398
-0.472
-0.228
-0.058
0.234
0.151
0.087
-0.084
0.143
0.099
0.056
0.012
-0.032
-0.075
-0.034
-0.006
0.067
-0.042
-0.048
-0.003
0.071
0.398
-0.472
-0.218
-0.044
0.130
0.304
0.479
0.244
0.010
0.095
-0.294
0.299
-0.055
0.082
-0.103
0.469
0.278
0.087
-0.029
-0.022
0.169
-0.006
0.056
-0.175
-0.114
0.069
-0.202
0.180
0.132
0.342
-0.234
-0.206
0.064
-0.095
-0.254
-0.014
0.225
-0.109
-0.096
0.026
-0.128
0.073
0.466
0.169
-0.128
0.380
0.009
0.185
0.151
0.173
-0.170
-0.122
-0.026
0.056
-0.138
-0.173
0.132
-0.305
0.029
-0.022
0.141
-0.154
0.234
-0.006
0.086
0.017
0.013
0.055
-0.127
-0.018
-0.093
0.053
-0.103
-0.287
0.061
0.416
-0.147
-0.333
-0.148
0.302
0.276
-0.116
-0.244
-0.180
0.321
-0.016
-0.112
-0.209
-0.249
-0.289
0.096
-0.102
-0.068
-0.123
-0.178
-0.233
0.137
0.070
0.004
-0.063
-0.026
-0.003
0.019
-0.079
0.005
0.054
-0.167
0.135
0.456
0.064
-0.305
0.234
-0.244
0.074
-0.148
-0.194
0.093
0.164
0.010
0.132
-0.218
0.026
0.085
-0.215
0.196
-0.089
-0.152
0.260
0.071
-0.067
-0.013
-0.138
-0.096
-0.005
0.146
0.000
-0.263
0.017
0.053
0.088
0.124
-0.034
0.022
0.061
0.151
0.096
-0.035
-0.167
-0.299
0.067
-0.121
-0.135
-0.148
-0.162
0.204
0.018
-0.169
-0.355
0.109
-0.013
-0.068
0.013
-0.128
-0.045
0.472
-0.125
-0.216
0.100
0.040
-0.020
-0.080
0.032
-0.289
-0.128
0.177
0.190
-0.039
0.051
0.050
-0.400
0.244
-0.257
-0.141
0.263
0.058
0.120
0.183
0.021
-0.141
-0.132
0.045
0.032
0.003
0.140
0.019
-0.071
0.111
0.058
-0.146
0.106
-0.141
0.111
0.092
0.073
0.054
0.035
0.373
0.035
0.054
0.123
-0.161
0.140
0.155
0.171
0.186
0.201
0.217
0.226
-0.071
-0.082
-0.092
-0.103
0.154
0.059
-0.035
-0.067
-0.100
-0.001
-0.042
0.087
0.079
0.071
0.063
0.055
0.047
-0.340
-0.402
0.224
-0.126
-0.434
0.071
-0.010
-0.128
0.005
0.030
-0.177
0.289
-0.128
0.175
0.104
0.082
-0.165
-0.352
-0.147
0.058
-0.304
0.067
-0.106
-0.279
-0.053
-0.071
0.122
-0.234
-0.350
0.058
0.055
-0.115
-0.064
0.119
-0.104
0.191
-0.148
-0.055
0.226
-0.059
0.091
-0.085
-0.260
-0.414
0.283
0.218
-0.122
-0.058
-0.279
-0.145
-0.076
-0.008
0.060
0.128
-0.219
-0.065
-0.149
0.273
0.148
0.042
-0.001
-0.044
-0.087
-0.234
0.475
-0.071
-0.026
0.045
0.177
0.159
-0.057
-0.178
-0.092
-0.082
0.241
0.239
-0.104
-0.090
-0.077
-0.051
-0.021
-0.039
0.088
0.164
-0.006
0.103
0.122
-0.027
-0.177
-0.129
-0.082
-0.146
-0.126
-0.105
-0.085
-0.064
-0.161
0.193
-0.434
0.146
-0.101
0.146
0.263
-0.190
0.135
-0.026
-0.120
-0.056
-0.019
0.038
0.009
0.039
-0.003
-0.042
0.055
0.016
0.231
-0.173
0.032
-0.055
-0.032
-0.097
0.089
-0.059
0.165
-0.021
0.458
-0.188
-0.207
0.109
-0.116
0.074
0.144
-0.008
-0.161
-0.138
-0.116
-0.013
0.022
0.244
0.057
-0.141
-0.104
-0.068
-0.032
-0.048
-0.016
0.146
0.174
-0.185
0.021
-0.140
-0.117
0.220
-0.104
0.014
-0.069
0.018
0.070
0.067
0.334
-0.125
-0.064
0.022
-0.148
0.206
0.026
-0.114
0.092
-0.100
0.034
-0.080
0.442
-0.260
-0.214
0.220
0.244
-0.116
-0.051
-0.055
-0.061
0.029
0.038
-0.242
-0.107
0.029
0.164
-0.032
-0.180
-0.019
0.053
0.204
-0.119
-0.106
-0.042
0.045
0.103
-0.016
-0.021
-0.016
0.018
0.021
0.117
-0.132
0.013
-0.204
-0.420
-0.159
0.103
-0.026
-0.103
0.064
-0.019
-0.076
-0.019
0.013
-0.099
-0.211
-0.323
0.226
0.128
-0.278
-0.006
0.173
0.402
-0.347
0.019
0.009
-0.009
-0.135
-0.035
0.448
-0.273
-0.040
-0.079
-0.029
0.172
-0.025
0.005
-0.019
-0.125
-0.106
0.076
0.181
0.161
-0.209
-0.048
-0.080
0.161
0.114
0.067
0.021
-0.075
0.019
0.133
-0.087
-0.166
-0.245
-0.324
0.030
-0.143
-0.154
-0.042
-0.055
-0.186
-0.318
0.299
-0.218
-0.196
-0.140
-0.084
-0.027
0.029
0.175
0.006
-0.080
-0.058
0.047
0.131
0.045
-0.196
-0.122
0.077
-0.003
-0.090
0.225
0.209
-0.096
-0.080
-0.128
0.175
-0.170
0.124
0.074
0.137
0.145
-0.202
0.048
-0.071
-0.043
0.084
0.048
-0.045
-0.030
-0.015
-0.000
-0.119
-0.238
-0.357
-0.475
-0.100
0.254
-0.145
-0.127
-0.005
0.212
-0.080
-0.116
-0.151
-0.095
-0.039
0.116
-0.064
-0.162
0.117
0.029
0.191
-0.022
-0.063
0.124
-0.246
-0.200
-0.154
-0.108
0.021
-0.074
0.161
-0.122
0.202
-0.003
-0.157
-0.310
-0.464
0.046
-0.051
0.018
-0.010
0.120
-0.055
-0.048
0.247
0.229
0.089
-0.286
-0.084
0.077
-0.067
0.003
0.466
0.135
-0.263
-0.321
-0.040
0.241
0.168
0.096
-0.196
0.120
0.421
-0.374
-0.399
-0.424
-0.170
0.040
-0.040
0.116
0.096
0.067
0.169
0.270
0.101
-0.067
-0.167
-0.028
0.200
0.071
0.085
-0.040
-0.191
0.292
-0.228
-0.119
0.109
0.049
-0.071
0.016
0.016
0.106
-0.061
-0.048
0.080
0.080
0.000
-0.080
-0.161
-0.029
0.026
0.177
0.092
-0.079
-0.067
-0.056
-0.045
-0.066
-0.088
-0.109
-0.116
-0.093
-0.140
-0.187
-0.234
0.228
-0.135
-0.025
0.020
0.286
-0.172
0.448
-0.271
-0.165
-0.007
0.079
-0.042
-0.061
-0.022
0.059
0.141
-0.438
-0.133
-0.029
0.241
0.257
0.192
0.126
0.061
0.026
-0.145
0.143
-0.098
-0.027
0.273
0.117
-0.279
-0.039
0.019
0.119
0.132
0.103
-0.032
-0.128
-0.157
0.201
0.211
-0.048
0.024
-0.106
-0.037
0.012
0.039
0.074
0.080
0.061
-0.106
-0.090
-0.010
-0.158
-0.305
-0.032
-0.064
-0.145
0.193
0.032
-0.011
-0.054
-0.096
-0.085
-0.074
-0.063
0.190
0.353
-0.281
0.022
-0.181
0.167
0.188
0.209
0.231
-0.244
-0.135
0.154
-0.035
0.044
0.123
0.202
-0.212
-0.161
-0.045
0.017
-0.059
-0.135
-0.249
-0.039
0.011
0.331
0.128
-0.281
-0.071
0.000
0.106
0.077
-0.183
0.032
0.115
0.013
0.010
-0.143
-0.095
-0.047
0.002
0.231
0.126
-0.087
0.045
0.064
-0.079
0.061
0.352
-0.321
-0.048
-0.002
0.351
0.134
-0.084
-0.302
0.139
-0.051
0.027
0.014
0.207
0.004
-0.146
-0.039
0.005
-0.011
0.283
-0.158
-0.119
0.016
-0.015
-0.021
0.116
-0.009
-0.001
0.110
-0.158
0.068
-0.161
0.150
0.036
-0.155
-0.149
-0.142
-0.135
-0.129
-0.122
-0.116
-0.109
-0.102
0.243
-0.084
-0.028
0.079
0.032
-0.007
-0.016
0.072
-0.087
0.034
-0.004
0.113
-0.010
0.081
0.143
-0.064
-0.035
0.047
-0.134
-0.001
-0.012
0.212
0.112
0.039
-0.211
0.087
0.079
-0.061
0.018
0.137
0.034
-0.013
0.136
-0.165
-0.029
0.019
-0.073
0.170
-0.122
-0.046
0.132
0.011
-0.042
0.023
0.307
-0.034
-0.183
-0.074
0.024
0.352
-0.028
-0.295
-0.048
0.004
0.057
0.043
0.029
0.318
-0.093
0.027
-0.080
0.161
-0.007
-0.104
0.078
-0.016
-0.048
-0.061
-0.014
-0.013
0.136
-0.026
0.075
-0.174
0.027
0.166
0.138
-0.026
-0.107
-0.079
0.091
0.282
-0.150
-0.085
0.425
-0.075
-0.289
-0.007
-0.091
0.154
0.017
0.078
0.301
-0.441
0.106
-0.046
0.063
0.017
-0.016
-0.095
0.071
-0.020
0.168
-0.136
0.066
-0.032
-0.162
0.123
0.161
0.218
-0.246
0.031
-0.205
-0.441
-0.432
0.233
0.436
0.119
-0.198
-0.326
-0.455
-0.230
0.176
0.224
-0.164
-0.295
-0.426
-0.402
-0.154
0.278
0.221
-0.213
-0.088
0.040
0.027
0.148
0.014
-0.239
-0.050
0.166
0.022
-0.085
0.029
0.064
-0.079
-0.103
-0.127
-0.152
-0.176
-0.200
-0.224
-0.249
-0.273
-0.082
0.020
-0.054
-0.251
-0.448
-0.174
-0.010
0.000
-0.101
0.442
-0.242
-0.174
-0.096
0.296
0.281
-0.188
0.046
-0.069
-0.231
0.246
0.123
-0.187
-0.014
-0.020
0.093
-0.037
0.018
0.167
0.153
0.073
-0.158
0.236
-0.363
0.218
0.174
0.130
0.085
-0.107
-0.036
0.036
0.107
-0.132
0.180
-0.027
-0.114
0.150
-0.100
-0.351
-0.376
-0.296
-0.215
-0.134
0.020
0.199
-0.076
0.135
-0.137
-0.027
0.146
-0.061
0.101
0.118
-0.169
0.019
0.028
-0.132
-0.029
0.070
0.123
-0.080
-0.284
-0.487
0.471
-0.221
0.029
-0.086
-0.185
-0.283
-0.382
0.247
-0.036
-0.119
0.091
0.056
0.359
-0.028
-0.284
-0.156
0.036
-0.030
-0.008
-0.126
-0.245
-0.175
-0.104
0.060
0.202
-0.029
0.063
0.074
0.085
0.032
-0.022
0.041
0.091
-0.089
0.102
-0.128
-0.031
-0.104
-0.014
-0.182
-0.350
-0.025
-0.058
-0.036
0.098
-0.163
0.053
-0.014
-0.014
0.027
0.220
-0.038
-0.016
0.230
-0.204
0.053
-0.081
-0.097
-0.076
0.010
0.119
0.028
0.011
0.130
0.006
0.118
0.234
-0.219
-0.272
0.060
-0.187
0.164
0.037
-0.012
-0.037
-0.062
-0.087
-0.112
-0.060
-0.003
-0.047
0.062
0.476
-0.410
-0.142
0.114
0.056
0.057
0.014
0.354
-0.238
-0.235
0.086
-0.083
-0.093
-0.004
0.071
0.019
-0.060
0.186
-0.035
-0.046
0.122
0.053
-0.057
-0.101
-0.104
0.160
-0.164
0.148
0.125
0.468
-0.388
-0.250
0.007
0.036
0.083
-0.106
0.055
-0.172
0.067
0.065
0.011
-0.050
0.064
-0.104
0.001
-0.092
0.056
0.293
0.116
-0.062
-0.157
-0.252
-0.236
-0.221
-0.205
-0.190
-0.034
0.125
0.373
-0.436
