0.062
0.042
0.005
0.009
0.056
0.035
0.008
0.034
0.018
-0.001
-0.057
-0.078
-0.099
-0.137
-0.138
-0.117
-0.057
0.005
0.065
0.075
0.066
0.047
0.030
0.030
-0.064
-0.039
-0.049
-0.092
-0.150
-0.190
-0.141
-0.144
-0.119
-0.045
-0.022
-0.021
0.074
0.133
0.169
0.160
0.189
0.239
0.158
0.052
0.013
-0.039
-0.103
-0.170
-0.153
-0.115
-0.115
-0.084
-0.015
-0.003
-0.063
-0.075
-0.075
-0.082
-0.081
-0.025
0.051
0.019
-0.018
-0.024
0.016
-0.016
-0.048
0.011
0.016
0.051
-0.021
-0.034
-0.026
-0.014
0.037
0.036
0.019
-0.009
-0.018
0.037
-0.015
-0.053
-0.042
-0.031
-0.049
-0.142
-0.105
-0.092
-0.075
-0.065
-0.061
-0.033
-0.086
-0.057
-0.059
-0.050
-0.049
-0.057
-0.013
-0.054
-0.068
-0.098
-0.124
-0.175
-0.177
-0.158
-0.116
-0.085
-0.075
-0.085
-0.148
-0.130
-0.130
-0.126
-0.102
-0.048
0.070
0.052
-0.012
-0.019
-0.006
0.002
0.012
0.005
0.051
0.095
0.031
-0.005
-0.069
-0.039
-0.053
-0.079
-0.021
0.028
0.022
-0.001
0.013
0.000
0.005
-0.026
-0.024
-0.008
-0.001
-0.019
-0.022
0.008
0.034
0.014
-0.008
0.028
0.005
0.003
-0.011
-0.013
-0.013
0.046
0.037
-0.011
-0.003
0.002
-0.013
-0.101
-0.009
0.002
-0.035
-0.017
0.010
0.005
-0.047
-0.023
-0.004
-0.029
-0.024
-0.005
-0.011
-0.007
0.025
0.071
0.093
0.108
0.114
0.113
0.073
0.022
0.027
0.010
-0.001
0.001
0.016
0.027
-0.032
-0.032
-0.027
0.016
-0.022
-0.030
0.019
0.002
0.014
-0.042
-0.015
-0.018
-0.037
-0.019
-0.033
-0.021
-0.025
-0.010
-0.025
-0.007
0.029
-0.002
-0.004
-0.018
-0.031
-0.099
-0.206
-0.180
-0.145
-0.137
-0.126
-0.070
-0.007
0.007
-0.032
-0.084
-0.110
-0.154
-0.188
-0.247
-0.287
-0.251
-0.218
-0.188
-0.147
-0.097
-0.037
-0.046
-0.047
-0.016
-0.004
-0.024
-0.061
-0.091
-0.109
-0.174
-0.237
-0.283
-0.185
-0.119
-0.123
-0.081
-0.025
0.071
-0.025
0.037
0.013
0.011
-0.004
-0.027
0.047
-0.060
-0.013
-0.016
0.013
0.033
-0.037
0.010
-0.001
-0.012
-0.041
-0.077
-0.053
-0.074
-0.053
-0.038
-0.019
-0.032
-0.033
-0.045
-0.070
-0.098
-0.098
-0.069
-0.037
-0.032
-0.053
-0.101
-0.109
-0.032
-0.075
-0.046
-0.023
0.034
0.033
0.011
-0.029
-0.112
-0.160
-0.188
-0.241
-0.361
-0.372
-0.318
-0.228
-0.194
-0.122
-0.063
0.015
0.029
-0.005
-0.018
-0.087
-0.104
-0.126
-0.126
-0.115
-0.087
-0.031
0.042
0.123
0.152
0.153
0.222
0.178
0.100
0.031
-0.003
-0.003
-0.077
-0.049
-0.039
-0.058
-0.085
-0.105
-0.100
-0.088
-0.073
-0.049
0.007
0.035
0.004
-0.002
-0.000
0.041
0.043
0.004
0.041
0.014
0.055
-0.030
-0.070
-0.019
-0.016
-0.002
-0.049
0.018
0.007
-0.021
-0.020
-0.008
0.005
0.006
0.002
0.002
-0.012
0.024
0.035
0.005
0.001
-0.007
0.003
-0.029
-0.044
-0.019
0.003
0.008
0.011
0.009
0.013
0.060
0.064
0.018
0.014
0.042
0.054
-0.056
-0.055
0.029
0.003
-0.049
-0.106
-0.110
-0.133
-0.140
-0.133
-0.105
-0.043
-0.022
0.002
-0.018
-0.006
-0.008
-0.087
-0.077
-0.125
-0.202
-0.200
-0.215
-0.138
-0.143
-0.107
-0.006
-0.031
-0.087
-0.180
-0.227
-0.280
-0.364
-0.396
-0.362
-0.275
-0.228
-0.221
-0.153
-0.109
-0.100
-0.119
-0.100
-0.021
-0.027
-0.022
0.021
-0.008
-0.081
-0.089
-0.129
-0.157
-0.141
-0.158
-0.067
-0.080
-0.045
-0.020
-0.007
0.004
0.005
-0.021
-0.088
-0.113
-0.119
-0.109
-0.116
-0.066
-0.027
0.058
0.003
0.080
0.019
-0.024
0.086
-0.026
-0.023
-0.058
-0.007
0.050
0.051
0.169
0.216
0.205
0.280
0.255
0.121
0.042
-0.002
-0.016
-0.077
-0.088
-0.010
0.006
0.012
0.040
0.033
0.025
-0.022
0.065
-0.002
0.014
-0.007
-0.018
-0.009
-0.101
-0.032
-0.054
-0.016
-0.010
-0.020
-0.035
-0.065
-0.118
-0.139
-0.103
-0.079
-0.062
-0.051
-0.047
-0.098
-0.189
-0.228
-0.257
-0.278
-0.276
-0.218
-0.137
-0.078
-0.052
-0.010
0.018
0.000
-0.032
-0.067
-0.046
-0.017
-0.037
-0.026
-0.018
0.014
0.016
-0.006
-0.000
-0.014
-0.015
-0.029
-0.026
-0.012
-0.036
-0.017
-0.015
-0.001
-0.013
-0.045
0.021
0.010
-0.001
-0.057
-0.121
-0.150
-0.175
-0.191
-0.185
-0.142
-0.062
-0.007
-0.014
-0.001
0.021
0.026
0.016
-0.008
-0.013
0.018
0.001
-0.004
-0.009
-0.016
0.032
0.017
-0.019
0.003
-0.020
0.029
-0.029
-0.016
0.003
0.029
0.032
-0.020
-0.021
-0.071
-0.039
-0.098
-0.063
0.016
0.011
0.016
-0.023
-0.048
-0.122
-0.150
-0.153
-0.144
-0.100
-0.052
0.025
0.004
0.019
0.037
0.009
0.046
0.011
-0.043
0.013
0.062
0.102
0.053
0.070
0.164
0.111
0.035
0.039
0.009
0.008
-0.021
-0.022
0.007
-0.001
0.025
-0.006
-0.087
-0.095
-0.099
-0.143
-0.142
-0.089
-0.019
0.007
0.004
0.043
0.052
0.022
-0.019
-0.010
-0.009
-0.017
-0.009
0.013
0.026
-0.038
-0.072
-0.099
-0.089
-0.105
-0.085
0.012
0.105
0.149
0.121
0.153
0.193
0.134
0.054
0.041
0.009
-0.009
-0.064
-0.048
-0.017
-0.011
0.011
0.037
0.041
-0.019
-0.015
-0.098
-0.105
-0.138
-0.131
-0.051
0.010
0.021
0.002
-0.002
0.003
-0.040
-0.085
-0.019
0.032
0.061
0.047
0.063
0.033
0.022
0.025
0.007
0.044
0.055
0.041
0.003
0.011
-0.019
-0.048
-0.062
-0.061
-0.045
-0.078
-0.060
-0.050
-0.082
-0.075
-0.058
-0.050
-0.064
-0.101
-0.104
-0.104
-0.101
-0.102
-0.065
-0.031
0.003
0.026
0.029
0.018
-0.012
-0.021
0.012
0.010
-0.010
-0.005
0.005
0.010
-0.014
-0.026
-0.010
0.002
0.028
0.004
0.016
0.024
0.029
0.012
-0.011
0.006
0.014
-0.011
-0.059
-0.113
-0.149
-0.153
-0.158
-0.152
-0.081
-0.035
-0.004
0.032
0.002
0.003
0.008
0.015
0.008
-0.012
0.064
0.035
-0.032
-0.050
-0.063
-0.078
-0.121
-0.086
-0.045
0.009
0.004
0.032
0.036
0.009
-0.001
-0.001
0.018
-0.037
-0.018
0.012
0.002
-0.012
-0.029
-0.001
-0.030
0.001
0.070
-0.018
-0.010
-0.021
-0.031
-0.069
-0.105
-0.034
-0.079
-0.034
-0.015
-0.006
-0.016
0.070
0.113
0.044
0.028
0.024
0.015
-0.070
-0.049
0.003
0.019
0.051
0.039
0.065
0.032
0.043
0.065
0.054
0.060
0.013
0.064
0.038
-0.033
-0.106
-0.157
-0.186
-0.265
-0.267
-0.203
-0.099
-0.103
-0.065
0.054
0.019
-0.002
-0.067
0.005
0.019
0.021
0.036
-0.010
0.055
0.026
0.013
-0.028
-0.006
0.012
-0.050
0.000
0.012
-0.026
0.027
0.096
0.146
0.132
0.139
0.125
0.010
-0.095
-0.167
-0.184
-0.158
-0.130
-0.081
-0.008
0.013
-0.001
-0.039
-0.043
-0.014
-0.036
-0.050
-0.015
0.046
0.012
0.015
-0.006
0.085
0.031
-0.066
-0.010
0.009
0.010
-0.061
-0.007
0.003
0.066
-0.011
0.035
0.030
0.009
0.021
-0.021
0.019
-0.029
-0.016
-0.018
0.042
0.009
-0.005
0.020
0.030
0.032
-0.017
-0.003
0.011
0.006
-0.003
0.014
0.031
0.033
0.018
0.029
0.000
-0.082
-0.110
-0.136
-0.099
-0.102
-0.014
0.048
0.036
0.046
0.031
0.027
-0.034
-0.034
-0.003
-0.039
-0.110
-0.075
-0.093
-0.082
-0.074
-0.054
0.020
-0.018
-0.009
-0.033
-0.060
-0.075
-0.123
-0.093
-0.107
-0.092
-0.065
-0.032
0.027
0.005
0.031
0.023
0.004
-0.019
-0.079
-0.104
-0.139
-0.178
-0.187
-0.159
-0.100
-0.075
-0.044
0.007
0.015
-0.028
-0.067
-0.080
-0.099
-0.098
-0.065
-0.030
0.003
-0.002
0.012
0.013
-0.007
-0.019
-0.056
-0.047
-0.041
-0.048
-0.038
-0.009
0.028
0.015
0.032
0.037
0.016
0.017
-0.008
-0.003
-0.012
-0.015
0.012
-0.009
0.031
0.059
0.036
0.015
0.001
0.010
-0.006
-0.004
0.001
0.024
0.036
0.031
0.028
-0.018
0.022
0.035
0.001
0.000
-0.013
0.005
-0.036
-0.048
-0.030
-0.044
-0.065
-0.093
-0.128
-0.188
-0.191
-0.176
-0.160
-0.157
-0.168
-0.125
-0.120
-0.048
-0.068
-0.062
0.018
0.016
0.007
-0.071
-0.028
0.013
0.002
0.019
0.024
0.043
0.022
-0.018
-0.031
-0.001
-0.021
0.001
0.005
0.104
0.141
0.110
0.161
0.110
0.133
0.098
0.114
0.181
0.093
0.049
-0.029
-0.121
-0.168
-0.251
-0.184
-0.095
-0.032
0.028
0.004
0.022
0.025
-0.022
-0.038
-0.066
-0.054
-0.024
-0.017
-0.004
0.009
0.044
0.032
-0.001
0.022
0.036
0.033
0.026
0.026
0.025
0.013
-0.001
0.017
0.010
0.044
0.017
-0.016
-0.003
-0.004
-0.014
-0.026
-0.003
0.031
0.023
-0.004
0.009
0.004
-0.030
-0.131
-0.155
-0.129
-0.113
-0.120
-0.084
-0.029
0.011
-0.010
-0.027
-0.016
0.004
0.018
0.029
0.040
0.027
0.025
0.001
0.016
0.005
-0.015
-0.013
-0.021
-0.086
-0.091
-0.095
-0.083
-0.049
-0.072
0.007
0.016
-0.006
0.033
0.004
0.039
-0.006
-0.049
0.016
-0.013
-0.030
-0.003
0.108
0.076
-0.004
0.003
-0.016
-0.017
-0.118
-0.062
-0.042
-0.044
0.013
-0.012
0.024
0.046
0.030
0.003
0.001
-0.013
-0.017
-0.060
-0.051
-0.018
-0.007
-0.034
-0.100
-0.036
-0.013
-0.068
-0.170
-0.184
-0.140
-0.160
-0.193
-0.109
-0.013
0.019
-0.011
0.019
-0.001
-0.056
-0.072
-0.040
0.021
-0.039
0.017
0.024
0.037
0.059
0.065
0.093
0.085
0.083
0.051
-0.002
0.002
-0.003
-0.028
-0.027
0.002
-0.008
-0.011
-0.027
-0.020
-0.038
-0.075
-0.050
-0.008
-0.003
-0.026
-0.039
0.006
0.030
-0.018
-0.011
0.020
0.042
0.065
0.000
-0.009
-0.024
-0.011
-0.009
-0.067
-0.029
-0.014
-0.024
-0.092
-0.113
-0.153
-0.231
-0.309
-0.323
-0.275
-0.236
-0.158
-0.042
-0.040
-0.027
-0.002
-0.001
-0.047
-0.081
-0.001
0.070
0.016
-0.032
-0.036
-0.029
0.017
-0.044
-0.019
0.024
0.105
0.110
0.062
0.094
0.103
0.093
0.040
0.061
0.051
0.016
0.019
0.047
0.069
0.060
0.068
0.004
-0.048
-0.091
-0.101
-0.144
-0.222
-0.146
-0.089
-0.071
-0.050
-0.071
-0.001
0.056
0.112
0.177
0.210
0.325
0.306
0.301
0.235
0.152
0.066
-0.017
0.004
-0.031
-0.044
-0.014
-0.022
-0.072
-0.125
-0.136
-0.087
-0.048
0.045
0.151
0.207
0.204
0.149
0.076
0.043
-0.048
-0.083
-0.076
-0.085
-0.068
-0.057
0.045
0.015
0.013
0.021
0.048
-0.002
-0.072
-0.025
-0.032
-0.006
-0.050
-0.037
-0.032
-0.004
0.034
0.025
0.072
0.027
0.032
0.009
-0.001
0.004
-0.027
0.026
0.054
0.034
-0.007
0.025
0.037
0.074
0.006
-0.008
-0.004
-0.011
-0.039
-0.085
0.026
0.040
0.084
0.033
0.018
-0.043
-0.174
-0.161
-0.214
-0.230
-0.256
-0.233
-0.118
-0.066
-0.083
-0.065
0.008
0.044
-0.022
-0.057
-0.032
0.020
0.005
-0.010
-0.020
-0.077
-0.121
-0.169
-0.169
-0.175
-0.130
-0.051
0.003
0.028
0.048
0.087
0.102
0.058
-0.012
-0.062
-0.028
-0.070
-0.090
-0.035
0.119
0.100
0.049
0.044
-0.006
-0.101
-0.175
-0.139
-0.134
-0.140
-0.155
-0.180
-0.152
-0.111
-0.101
-0.069
-0.013
0.066
0.038
0.023
-0.020
-0.029
-0.024
-0.003
0.028
0.017
0.022
0.023
0.044
-0.014
-0.056
-0.035
-0.019
-0.053
-0.143
-0.122
-0.156
-0.228
-0.220
-0.193
-0.116
-0.114
-0.104
-0.016
-0.034
-0.040
-0.086
-0.081
-0.031
-0.083
-0.077
-0.074
-0.039
-0.012
-0.045
-0.023
0.027
0.047
0.048
0.024
0.036
0.023
-0.007
0.058
0.018
-0.010
-0.006
-0.005
-0.020
-0.103
-0.078
-0.049
-0.056
-0.037
-0.007
0.027
0.003
0.007
0.008
0.006
-0.005
-0.033
-0.002
-0.013
-0.009
0.031
0.029
0.007
0.001
0.043
0.026
-0.016
-0.023
-0.021
0.013
-0.065
-0.094
-0.133
-0.173
-0.127
-0.152
-0.090
-0.038
-0.007
0.013
0.010
-0.018
-0.075
-0.099
-0.074
0.018
0.037
0.044
0.061
0.091
0.078
-0.001
0.036
0.103
0.156
0.106
0.106
0.123
0.080
0.028
-0.032
-0.055
-0.007
-0.045
-0.098
-0.148
-0.195
-0.187
-0.228
-0.181
-0.173
-0.126
-0.045
-0.007
-0.043
-0.108
-0.161
-0.164
-0.177
-0.177
-0.165
-0.093
-0.035
-0.031
0.007
0.077
0.127
0.110
0.150
0.156
0.151
0.054
0.096
0.027
-0.034
-0.031
-0.075
0.009
-0.052
0.007
0.065
0.022
0.028
-0.018
-0.018
0.010
-0.015
-0.002
-0.029
-0.058
-0.093
-0.129
-0.133
-0.107
-0.090
-0.080
-0.059
-0.029
-0.039
-0.085
-0.080
0.001
0.034
0.002
0.005
0.019
-0.002
-0.115
-0.132
-0.095
-0.065
-0.020
-0.005
-0.020
-0.063
-0.082
-0.113
-0.108
-0.025
0.001
0.002
0.025
0.033
-0.005
-0.074
-0.016
0.010
-0.020
0.041
-0.014
-0.031
0.024
-0.018
-0.017
-0.048
0.013
0.039
-0.051
-0.046
0.011
-0.011
-0.003
0.014
0.052
0.091
0.004
-0.042
-0.091
-0.161
-0.239
-0.298
-0.297
-0.264
-0.251
-0.256
-0.245
-0.233
-0.273
-0.265
-0.176
-0.132
-0.100
-0.064
-0.004
0.020
-0.041
-0.042
0.009
0.031
0.029
0.058
0.142
0.188
0.137
0.121
0.135
0.061
-0.017
-0.037
-0.029
-0.015
0.015
0.045
0.048
0.080
0.026
0.004
-0.025
-0.032
-0.036
-0.050
0.012
0.002
0.006
-0.027
0.032
-0.008
-0.029
0.003
-0.022
0.011
-0.037
-0.031
-0.009
-0.021
0.003
0.000
-0.016
-0.020
0.050
-0.003
-0.037
-0.053
-0.036
0.019
-0.043
0.032
0.069
0.046
0.014
-0.023
0.019
-0.033
0.003
0.111
0.053
0.007
-0.049
0.020
0.004
-0.048
0.017
0.079
0.105
0.075
0.052
0.032
0.034
0.004
-0.013
-0.011
-0.020
-0.023
-0.011
0.007
0.074
-0.016
-0.046
-0.045
-0.023
0.016
0.030
0.149
0.187
0.210
0.140
0.139
0.050
0.023
0.004
0.066
0.162
0.126
0.131
0.113
0.158
0.079
0.042
-0.001
-0.016
-0.000
-0.062
-0.031
-0.018
0.068
0.048
0.002
0.046
0.001
-0.064
-0.123
-0.047
-0.031
-0.057
-0.037
-0.016
-0.002
0.039
0.085
0.080
0.138
0.161
0.180
0.127
0.128
0.121
0.038
0.032
0.010
-0.038
-0.096
-0.045
-0.076
-0.067
-0.080
-0.033
-0.030
-0.013
0.037
0.046
0.053
0.032
0.066
0.006
0.004
-0.026
-0.020
-0.039
-0.096
-0.065
0.008
-0.001
-0.066
-0.073
0.025
0.061
-0.028
-0.044
-0.018
0.060
0.007
-0.058
-0.073
-0.074
-0.092
-0.130
-0.144
-0.137
-0.122
-0.111
-0.101
-0.095
-0.066
-0.054
-0.044
-0.018
0.020
0.000
-0.025
-0.024
-0.005
-0.028
-0.005
0.067
0.091
0.040
0.070
0.057
0.047
-0.054
-0.097
-0.031
-0.043
-0.000
0.009
-0.002
0.034
0.033
-0.030
0.001
-0.036
-0.025
0.014
0.012
0.036
0.002
-0.007
0.003
-0.041
-0.029
-0.018
-0.059
-0.033
-0.009
0.007
0.003
-0.003
0.045
0.052
0.069
0.070
0.044
0.021
-0.032
-0.031
-0.076
-0.115
-0.134
-0.133
-0.049
-0.057
-0.065
-0.102
-0.059
-0.034
-0.079
-0.080
-0.074
-0.022
0.039
0.020
-0.005
0.010
0.038
0.042
-0.050
-0.024
-0.036
-0.074
-0.052
-0.017
-0.010
-0.006
0.050
0.005
0.016
-0.058
-0.075
-0.040
-0.039
0.048
0.038
0.084
0.084
0.018
0.016
0.001
-0.029
-0.009
0.018
0.028
0.039
0.043
0.018
0.013
-0.014
0.016
0.013
0.016
0.049
0.037
0.123
0.110
0.104
0.112
0.077
0.094
0.058
0.080
0.102
0.115
0.178
0.193
0.155
0.113
0.067
0.016
0.005
-0.022
-0.016
-0.014
-0.015
0.002
-0.031
-0.026
-0.007
0.016
0.043
0.052
0.067
-0.005
-0.085
-0.059
-0.090
-0.172
-0.168
-0.113
-0.067
-0.104
-0.078
-0.035
0.002
-0.018
0.032
0.049
0.058
0.059
-0.047
-0.050
-0.070
-0.138
-0.140
-0.130
-0.118
-0.103
-0.124
-0.053
-0.104
-0.144
-0.088
-0.070
-0.077
-0.108
-0.050
-0.009
0.014
-0.020
-0.010
0.038
0.009
0.041
-0.005
-0.024
-0.084
-0.074
-0.028
-0.063
-0.059
-0.062
-0.017
-0.077
-0.115
-0.084
-0.053
-0.043
-0.030
-0.042
0.005
0.019
0.005
0.041
0.045
0.055
-0.029
0.025
0.006
0.002
0.017
0.061
0.127
0.038
0.020
0.009
-0.012
-0.002
0.012
0.004
0.019
0.021
0.026
-0.017
-0.064
-0.032
0.011
0.022
0.048
0.072
0.074
0.030
-0.019
-0.032
-0.073
-0.114
-0.127
-0.112
-0.101
-0.114
-0.058
-0.109
-0.067
-0.070
-0.035
0.036
-0.028
0.067
0.038
0.035
0.001
-0.046
-0.008
-0.029
-0.018
0.001
0.003
0.016
0.012
0.049
0.014
0.020
0.018
0.003
-0.016
-0.039
-0.020
0.002
0.007
0.089
0.074
0.025
0.053
0.006
0.022
-0.031
-0.001
0.007
-0.034
-0.034
-0.048
-0.069
-0.027
0.010
0.009
0.011
0.002
-0.007
-0.056
-0.068
-0.021
0.026
0.006
0.015
0.000
-0.017
-0.005
-0.051
-0.018
-0.033
-0.006
0.025
-0.001
0.073
0.049
0.050
0.051
0.014
0.037
-0.014
-0.012
0.014
-0.006
0.024
-0.024
0.045
0.021
-0.030
0.024
0.059
0.053
-0.029
0.005
0.030
-0.002
-0.036
-0.057
-0.066
-0.052
-0.015
-0.025
-0.061
-0.024
0.002
0.032
-0.016
-0.028
-0.005
0.006
0.014
-0.022
-0.006
0.009
0.019
0.015
0.017
-0.002
0.004
-0.028
-0.101
-0.131
-0.133
-0.115
-0.135
-0.090
-0.023
-0.009
-0.030
-0.023
-0.023
-0.069
-0.119
-0.069
-0.044
-0.093
-0.077
-0.013
0.108
0.012
-0.006
0.042
0.041
-0.010
-0.083
0.050
0.001
-0.007
-0.019
-0.001
0.033
-0.046
0.001
0.004
-0.003
-0.016
-0.032
0.002
0.028
-0.004
0.009
0.013
0.027
0.016
0.001
0.039
0.035
0.051
0.047
0.013
-0.026
-0.070
-0.112
-0.110
-0.156
-0.167
-0.146
-0.115
-0.092
-0.150
-0.076
-0.087
-0.112
-0.127
-0.109
-0.061
-0.106
-0.040
-0.007
0.003
0.007
0.020
0.037
0.015
-0.018
-0.025
-0.003
-0.011
-0.048
-0.018
0.049
0.054
0.027
0.006
0.051
-0.015
-0.029
-0.001
0.035
0.081
0.018
0.054
0.022
0.002
-0.007
-0.023
0.003
-0.010
-0.000
0.007
-0.027
-0.075
-0.127
-0.201
-0.215
-0.172
-0.177
-0.158
-0.100
0.015
0.018
-0.043
-0.044
-0.039
-0.045
-0.061
-0.058
-0.066
-0.021
-0.000
0.038
0.015
0.015
0.063
0.002
-0.036
-0.093
-0.108
-0.094
-0.127
-0.059
-0.046
0.013
0.031
0.001
-0.038
-0.142
-0.114
-0.157
-0.153
-0.129
-0.057
0.011
-0.004
0.046
0.081
0.097
0.029
0.025
0.046
-0.007
-0.045
0.018
0.088
0.058
-0.008
-0.003
0.036
-0.013
-0.020
-0.009
0.065
0.142
0.039
-0.055
-0.142
-0.138
-0.151
-0.228
-0.146
-0.064
0.018
0.075
0.113
0.137
0.106
0.062
0.046
0.051
0.018
0.016
0.020
0.016
0.069
-0.002
-0.033
-0.029
-0.015
0.005
-0.041
-0.000
0.037
0.009
-0.007
0.018
0.029
0.026
-0.005
-0.021
-0.018
-0.027
-0.011
0.004
0.004
0.020
0.015
0.003
-0.037
-0.067
-0.072
-0.080
-0.086
-0.102
-0.122
-0.147
-0.090
-0.094
-0.082
-0.056
0.023
0.034
0.070
0.048
0.024
0.020
-0.015
0.007
-0.078
-0.036
0.001
0.026
-0.060
-0.076
-0.070
-0.027
0.006
0.015
0.109
0.141
0.150
0.086
0.067
0.019
-0.007
0.029
0.044
0.021
-0.009
0.011
0.035
0.012
0.009
0.050
0.035
0.006
0.020
0.033
0.008
0.017
0.021
0.041
0.009
-0.020
0.001
0.010
0.038
0.027
0.010
0.002
-0.037
-0.101
-0.117
-0.110
-0.119
-0.085
-0.054
-0.004
-0.008
-0.013
-0.003
-0.048
-0.064
-0.030
0.037
0.007
0.025
0.007
0.045
0.045
0.021
0.106
0.062
0.069
0.067
0.030
0.002
-0.015
0.059
0.046
-0.006
-0.008
-0.013
-0.043
-0.099
-0.105
-0.085
-0.076
-0.023
0.008
-0.016
0.013
0.020
0.036
-0.007
-0.059
-0.006
0.025
0.027
0.011
-0.026
-0.011
-0.024
-0.043
-0.007
0.012
0.022
0.045
0.063
0.050
0.022
0.059
0.020
0.005
-0.006
0.065
0.078
0.005
0.008
0.039
0.031
-0.023
-0.043
0.006
0.057
0.009
0.011
0.008
0.004
0.016
-0.011
-0.006
0.003
-0.001
-0.002
-0.030
-0.005
0.014
0.030
0.006
0.021
-0.025
0.001
0.008
-0.037
-0.035
-0.070
-0.066
-0.112
-0.139
-0.132
-0.126
-0.119
-0.056
-0.048
-0.033
-0.000
0.023
0.039
-0.004
0.022
0.012
0.005
-0.001
0.019
0.020
0.021
0.059
0.043
0.038
0.027
0.006
-0.007
-0.033
0.013
0.037
0.036
0.023
0.038
0.053
0.008
-0.008
0.008
0.049
0.032
0.042
0.024
0.017
-0.003
-0.021
0.010
-0.033
-0.013
0.013
0.012
0.017
-0.007
0.064
0.066
0.014
-0.001
0.010
0.065
0.009
-0.034
-0.011
0.002
0.007
-0.044
-0.035
0.067
0.060
0.063
0.041
0.060
0.054
-0.016
0.012
0.005
0.011
-0.026
-0.027
-0.012
-0.003
-0.004
0.016
-0.002
0.004
0.034
0.034
0.034
0.004
0.020
0.030
0.050
0.002
-0.008
0.081
0.081
0.018
-0.030
-0.020
0.019
-0.049
-0.023
0.075
0.003
0.036
0.002
0.010
-0.000
-0.053
0.005
-0.001
0.003
0.021
-0.005
0.009
0.019
-0.019
0.004
0.003
0.062
0.010
0.021
0.014
-0.081
-0.179
-0.177
-0.063
-0.048
-0.047
-0.028
-0.032
-0.109
-0.152
-0.135
-0.129
-0.124
-0.119
-0.148
-0.203
-0.194
-0.130
-0.116
-0.060
0.014
0.044
0.023
-0.012
-0.016
-0.010
0.011
0.010
-0.029
-0.026
0.024
0.020
-0.025
-0.050
-0.061
-0.095
-0.139
-0.164
-0.188
-0.212
-0.201
-0.168
-0.144
-0.148
-0.181
-0.165
-0.153
-0.156
-0.164
-0.049
-0.014
-0.014
-0.029
0.021
0.084
-0.021
0.027
0.045
0.022
0.014
-0.012
-0.012
-0.022
-0.014
0.040
-0.007
-0.024
0.035
0.062
0.078
0.036
0.082
0.018
0.027
0.030
0.040
0.080
0.023
0.077
0.047
0.036
-0.008
0.008
0.021
0.008
0.027
-0.007
-0.044
-0.136
-0.181
-0.198
-0.245
-0.225
-0.134
-0.084
-0.012
0.001
0.019
0.040
-0.003
0.026
0.023
0.018
0.026
0.006
-0.006
-0.028
-0.036
0.013
-0.004
-0.055
-0.115
-0.031
-0.080
-0.095
-0.096
-0.080
-0.046
-0.188
-0.110
-0.121
-0.126
-0.080
-0.024
0.100
0.054
0.013
0.006
-0.003
-0.017
-0.078
-0.095
-0.088
-0.091
-0.115
-0.100
-0.065
-0.048
0.003
0.044
0.076
0.071
0.034
0.046
0.050
0.023
0.026
-0.001
-0.002
-0.027
-0.044
-0.060
-0.135
-0.118
-0.122
-0.111
-0.092
-0.089
-0.022
-0.020
-0.013
-0.002
0.018
0.039
0.028
0.068
0.037
0.041
-0.009
-0.019
-0.029
-0.066
-0.012
-0.016
-0.001
0.037
0.051
0.069
0.088
0.047
-0.000
-0.012
-0.044
-0.037
-0.069
-0.035
0.004
-0.016
0.000
-0.046
-0.062
-0.060
-0.062
-0.041
0.053
0.003
-0.011
0.009
0.026
0.025
-0.052
0.075
0.059
0.001
0.006
-0.017
-0.035
-0.095
-0.043
-0.001
-0.025
0.020
0.030
0.023
0.031
0.037
0.037
-0.011
-0.022
0.012
-0.036
-0.020
0.011
0.106
0.058
-0.010
0.019
-0.000
-0.007
-0.103
-0.029
-0.016
-0.006
-0.002
-0.014
-0.004
-0.003
0.009
-0.002
-0.028
-0.021
0.036
0.045
0.052
0.026
-0.001
-0.050
-0.135
-0.189
-0.210
-0.190
-0.127
-0.025
-0.061
