17.570
17.760
18.069
17.992
18.016
18.056
17.979
18.033
18.103
18.200
18.147
18.086
18.107
18.102
18.100
17.988
17.856
17.718
17.594
17.586
17.662
17.776
18.144
18.230
18.143
18.572
18.021
17.714
17.811
17.549
17.553
17.932
17.776
17.608
17.555
17.477
17.471
17.487
17.609
17.527
17.477
17.753
18.304
17.958
17.611
17.637
17.775
17.750
17.566
17.570
17.873
17.659
17.548
17.588
17.544
17.550
17.558
17.604
18.102
17.918
17.500
17.506
17.490
17.540
17.680
17.779
17.570
17.440
17.400
17.600
17.620
17.600
17.610
17.500
17.590
17.520
18.480
17.540
17.595
17.672
17.761
17.626
17.493
17.471
17.731
17.616
17.564
17.470
18.126
17.570
17.482
17.507
17.501
18.261
17.646
17.570
17.584
17.412
17.514
17.478
17.460
17.388
17.370
17.362
18.032
17.528
18.112
17.556
17.346
17.332
17.352
17.423
17.408
17.740
17.491
17.243
17.329
17.401
17.403
17.358
17.312
17.504
17.524
17.358
17.332
17.336
17.320
17.548
17.544
17.548
17.686
17.450
17.300
17.290
17.400
17.350
17.390
17.372
17.406
17.374
17.397
17.400
17.391
17.390
17.309
17.284
17.368
17.398
17.320
17.308
17.662
17.734
17.394
17.342
17.398
17.301
17.323
17.343
17.347
17.294
17.571
17.441
17.281
17.330
17.353
17.245
17.193
17.407
17.290
17.200
17.291
17.281
17.211
17.232
17.205
17.186
17.184
17.192
17.194
17.190
17.178
17.278
17.449
17.540
17.170
17.710
17.220
17.170
17.150
17.260
17.250
17.230
17.880
17.230
17.250
17.140
17.131
17.130
17.283
17.147
17.139
17.212
17.139
17.184
17.127
17.606
17.183
17.184
17.667
17.207
17.195
17.143
17.178
17.126
17.190
17.314
17.188
17.126
17.112
17.934
17.420
17.144
17.112
17.182
17.200
17.137
17.159
17.117
17.139
17.874
17.697
17.273
17.131
17.817
17.413
17.187
17.143
17.734
18.180
17.604
17.204
17.202
17.124
17.086
17.174
17.200
17.114
17.664
17.472
17.368
17.766
18.110
17.850
18.080
17.220
17.100
17.100
17.100
17.200
17.070
17.360
17.150
17.141
17.086
17.098
17.244
17.134
17.102
17.082
17.134
17.221
17.104
17.171
17.099
17.594
17.155
17.109
17.947
17.203
17.209
17.202
17.218
17.122
17.092
17.538
17.194
17.080
17.096
17.108
17.198
18.020
17.404
17.112
17.098
17.396
17.325
17.396
17.317
17.239
17.223
17.437
17.215
17.528
17.272
17.087
17.839
17.432
17.169
17.134
17.215
17.155
17.215
17.197
17.226
17.243
17.552
17.442
17.244
17.162
17.110
17.128
17.122
17.117
17.130
17.320
17.570
17.100
17.100
17.350
17.200
17.100
17.090
17.090
17.090
17.063
17.492
17.918
17.303
17.203
17.128
17.120
17.120
17.111
17.119
17.228
17.258
17.134
17.111
17.110
17.272
17.388
17.274
17.288
17.164
17.314
17.160
17.126
17.202
17.228
17.158
17.132
17.226
17.154
17.123
17.155
17.128
17.152
17.247
17.161
17.131
17.112
17.219
17.284
17.265
17.166
17.104
17.124
17.110
17.120
17.194
17.176
17.134
17.166
17.142
17.170
17.420
17.416
17.202
17.220
17.300
17.370
17.210
17.210
17.310
17.230
17.850
17.479
17.304
17.218
17.291
17.237
17.230
17.320
17.222
17.226
18.078
17.490
17.474
17.272
17.210
17.618
17.328
17.326
17.254
17.339
17.261
17.217
17.304
17.655
17.377
17.956
17.594
17.230
17.564
17.349
17.197
17.256
17.567
17.354
17.382
17.330
17.212
17.200
17.194
17.274
17.282
17.246
17.289
17.780
17.500
17.550
17.410
17.270
17.370
17.191
17.251
17.251
17.241
17.195
17.343
17.207
17.271
17.577
17.315
17.178
17.304
17.204
17.242
17.332
17.214
17.396
17.314
17.504
17.312
17.242
17.536
17.298
17.228
17.286
17.284
17.993
18.288
17.544
17.157
17.172
17.449
17.504
17.298
17.206
17.151
17.111
17.160
17.176
17.262
17.228
17.196
17.262
17.282
17.270
17.180
17.470
17.188
17.313
17.258
17.844
17.253
17.198
17.173
17.215
17.302
17.272
17.180
17.664
17.326
17.170
17.176
17.282
17.278
17.939
17.509
17.200
17.592
17.361
17.211
17.535
17.365
17.232
17.260
17.332
17.404
17.342
17.326
17.676
18.220
17.250
17.190
17.210
17.300
17.200
17.200
17.182
17.243
17.268
17.279
17.199
17.631
17.275
18.364
17.374
17.439
17.271
17.291
17.276
17.334
17.326
17.272
17.348
17.330
17.272
17.788
17.542
17.379
17.363
17.283
17.250
17.257
17.309
17.351
17.309
17.280
17.328
17.354
17.368
17.320
17.262
17.346
17.332
17.340
17.335
17.260
17.380
17.410
17.260
17.350
17.260
17.369
17.272
17.350
17.270
17.458
17.381
17.784
17.413
17.304
17.340
17.310
17.364
17.572
17.452
17.362
17.718
17.594
17.372
17.474
17.343
17.287
17.346
17.398
17.466
17.490
17.413
17.425
17.378
17.570
17.508
17.330
17.462
17.656
17.320
17.330
17.330
17.503
17.439
17.349
17.466
17.363
17.359
17.423
17.358
17.377
17.462
17.456
17.786
17.550
17.454
17.458
17.380
17.376
17.452
17.477
17.480
17.473
17.540
17.570
17.535
17.408
17.444
17.438
17.476
17.535
17.582
18.152
17.950
17.528
17.464
17.560
17.550
17.544
17.707
17.920
17.590
17.580
17.689
17.835
17.778
17.689
17.743
17.615
17.654
17.597
17.599
17.627
17.704
17.656
17.792
18.158
17.936
17.980
17.746
17.672
17.685
17.669
17.744
18.018
17.826
17.679
17.677
17.680
17.596
17.702
17.756
17.798
17.904
17.856
17.830
17.826
17.840
17.890
17.930
18.020
18.730
17.980
17.850
17.930
17.857
17.841
18.569
18.002
17.930
18.416
18.029
18.052
17.898
17.871
17.861
17.851
18.406
18.058
17.892
17.864
17.868
17.854
17.930
17.943
17.905
17.960
17.976
17.921
17.886
17.866
17.951
17.997
17.937
17.904
17.906
17.904
17.900
17.900
17.900
17.910
18.010
17.920
17.960
17.990
18.008
17.956
17.968
17.943
18.012
17.948
18.374
18.118
17.998
17.958
18.006
17.964
18.070
17.988
17.984
18.077
18.012
17.977
18.099
18.045
18.014
18.034
18.250
18.109
18.513
18.392
18.048
18.012
18.068
18.058
18.079
18.162
18.062
18.131
18.203
18.093
18.548
18.627
18.225
18.090
18.233
18.234
18.182
18.210
18.116
18.962
18.996
18.422
18.626
18.326
18.262
18.190
18.188
18.165
18.234
18.200
17.967
18.062
18.134
18.142
18.174
18.460
18.388
18.227
18.240
18.230
18.230
18.200
18.710
18.220
18.290
18.400
18.355
18.422
18.304
18.380
18.534
19.234
18.410
18.301
18.374
19.238
18.530
18.324
18.962
18.584
18.362
18.332
18.458
18.642
18.416
18.342
18.564
18.404
18.452
18.392
18.434
18.414
18.642
18.540
18.415
18.597
18.530
18.464
18.536
18.518
18.460
18.410
18.530
18.510
18.440
18.620
18.820
19.202
18.547
18.551
19.235
18.986
18.635
18.501
18.506
18.606
18.590
18.524
18.606
18.550
19.002
18.672
18.640
18.682
18.683
18.575
18.656
18.843
18.683
18.737
18.660
18.893
18.772
18.598
18.646
18.772
18.696
18.664
18.746
18.610
18.892
18.731
18.827
18.777
18.779
18.690
18.815
18.803
18.719
18.719
18.712
18.846
18.848
18.784
18.794
18.832
18.832
18.782
18.835
18.825
18.817
18.820
18.883
18.896
18.960
18.892
18.927
19.268
19.022
18.930
18.897
18.968
18.991
19.214
19.202
19.066
19.068
19.084
19.090
19.990
19.010
18.990
19.310
19.060
19.200
19.130
19.157
19.169
19.107
19.136
19.131
19.661
20.035
20.403
19.351
19.203
19.308
19.222
19.216
19.228
19.230
19.302
19.328
19.338
19.304
19.633
19.549
19.394
19.328
19.660
19.481
19.389
19.410
19.474
19.504
19.494
19.508
19.994
19.854
19.542
19.522
19.440
19.460
19.520
19.511
19.555
19.515
19.483
19.507
20.446
19.641
19.549
19.541
19.531
19.530
19.554
19.608
19.652
19.596
19.652
19.670
19.614
19.673
19.623
19.583
19.608
19.613
19.659
19.638
19.739
19.803
19.744
19.670
19.662
19.676
19.716
19.788
19.748
19.760
19.796
19.790
19.820
19.720
19.830
19.890
19.799
19.790
20.654
19.886
19.844
19.859
20.715
19.991
19.891
20.463
20.078
19.870
19.834
19.830
19.790
20.116
19.904
19.854
19.838
20.103
19.989
19.883
19.971
19.912
19.864
19.836
19.886
20.320
20.364
20.040
20.010
20.052
20.023
19.921
19.919
20.037
19.933
20.055
20.043
20.310
19.971
19.975
20.062
19.992
20.066
20.674
20.116
20.372
20.128
20.864
20.270
20.063
20.081
20.027
20.035
20.134
20.149
20.168
20.096
20.109
20.130
20.053
20.007
19.922
19.894
20.018
20.066
20.038
20.042
20.086
20.014
20.016
20.150
20.174
20.166
20.183
20.110
20.110
20.200
20.170
20.230
20.220
20.275
20.172
20.142
20.158
20.214
20.166
20.178
20.162
20.259
20.245
20.200
20.198
20.192
20.606
20.326
20.222
20.276
20.334
20.301
20.294
20.216
20.264
20.237
20.231
20.240
20.310
20.284
20.372
20.385
20.332
20.334
20.314
20.344
20.392
20.328
20.664
20.638
20.372
20.386
20.419
20.400
20.480
20.370
20.400
20.445
20.396
20.525
20.495
20.517
20.376
20.261
20.455
20.476
20.382
20.504
20.780
20.544
20.438
20.486
20.324
20.440
20.339
20.312
20.281
20.323
20.371
20.394
20.428
20.482
20.392
20.336
20.376
20.346
20.364
20.256
20.200
20.268
20.350
20.220
19.990
20.120
20.150
20.830
20.530
20.878
20.020
20.073
19.982
20.159
20.684
20.182
20.003
20.170
20.002
19.976
19.972
20.034
20.082
20.026
20.066
20.064
20.111
20.256
20.324
20.372
20.383
20.373
20.300
20.248
20.330
20.360
20.280
20.272
20.309
20.217
20.290
20.260
21.300
20.470
20.370
20.370
20.600
20.590
20.450
20.323
20.391
20.481
21.372
20.615
20.592
20.546
20.702
20.549
20.566
20.525
20.553
20.512
20.452
20.440
20.512
20.821
20.594
20.478
20.987
20.682
20.348
20.217
20.170
20.200
20.514
20.644
20.432
20.350
20.398
20.431
20.340
20.758
20.323
20.504
20.350
20.204
20.100
20.123
20.386
20.338
20.278
20.294
20.492
20.532
20.618
20.688
20.664
20.643
20.640
20.759
20.810
20.747
20.734
20.817
21.179
20.872
20.954
20.654
20.446
21.230
21.278
20.786
20.578
20.560
20.564
20.553
20.680
20.520
20.575
20.769
20.457
20.888
20.526
20.795
20.781
20.954
20.920
20.844
20.774
20.731
20.797
20.837
20.756
20.790
21.135
20.906
20.771
20.773
20.875
21.613
21.865
21.180
20.806
21.132
21.032
20.936
21.063
20.890
20.835
20.848
20.715
20.682
20.851
21.059
20.891
20.897
20.792
20.861
20.843
20.791
20.796
20.776
20.770
20.674
20.706
20.672
20.780
20.905
20.863
20.942
20.808
20.793
20.813
20.901
20.877
20.843
20.904
20.994
20.940
20.874
20.972
20.980
21.180
21.016
20.656
20.605
20.680
20.580
20.610
20.860
20.805
20.917
20.804
21.978
21.075
20.834
20.829
21.505
21.015
20.762
20.650
20.838
21.026
20.876
20.774
20.792
20.816
20.756
20.812
20.757
20.849
20.809
20.777
21.508
21.064
20.845
20.756
20.716
20.662
20.736
20.874
20.856
20.862
20.896
20.988
21.117
21.090
20.810
20.630
20.790
20.726
21.314
20.966
21.262
21.012
20.980
21.815
21.216
21.036
21.056
20.940
20.926
21.626
20.992
20.718
20.844
20.880
20.901
21.330
21.678
21.064
21.085
21.067
20.926
20.914
20.954
21.052
21.190
21.130
21.010
21.000
21.120
21.000
20.980
20.998
21.891
21.180
20.964
20.923
21.262
21.012
20.980
20.944
21.014
20.982
20.874
20.954
20.852
20.796
20.694
20.678
20.760
20.644
21.010
20.965
20.994
21.079
21.037
21.003
21.112
21.139
21.172
21.169
21.173
21.090
21.084
21.354
21.240
21.132
21.150
21.070
21.482
22.058
21.040
21.040
21.030
21.021
21.074
21.161
21.053
21.067
21.061
21.042
21.056
21.036
21.046
21.018
21.026
21.158
21.166
21.064
21.048
21.178
21.122
21.100
21.079
20.986
21.097
20.936
21.484
21.165
20.994
21.072
21.090
21.162
21.192
21.138
21.044
21.108
21.024
20.880
20.824
20.860
21.110
21.246
21.188
21.108
21.163
21.152
21.105
21.379
21.059
21.175
21.042
21.032
21.048
21.162
22.006
21.298
21.078
21.248
21.123
21.039
21.527
21.243
21.051
21.067
21.119
21.064
21.056
21.074
21.376
21.772
21.408
21.152
21.134
21.102
21.054
20.978
21.060
21.020
21.020
21.130
21.340
21.030
21.048
21.158
21.179
21.270
21.118
21.388
21.150
21.030
21.065
20.989
21.151
21.195
21.176
21.274
21.148
21.094
21.082
21.128
21.212
21.614
21.295
21.140
21.532
22.141
21.609
21.286
21.308
21.215
21.135
21.126
21.190
21.140
20.990
20.918
21.138
21.254
21.196
21.160
21.060
21.419
21.217
21.271
21.352
21.025
21.094
21.530
21.270
21.164
21.176
21.132
21.222
21.435
21.272
21.170
21.268
21.254
21.202
21.158
21.212
21.206
21.194
21.408
21.150
21.044
21.300
21.140
21.130
21.230
21.200
21.190
21.110
20.970
21.170
21.188
21.190
21.244
21.304
21.310
21.184
21.566
21.250
21.578
21.344
21.132
21.868
21.836
21.402
21.176
21.588
21.423
21.151
21.149
21.352
21.290
21.216
21.184
21.136
21.222
21.200
21.134
21.250
21.298
21.245
21.438
21.730
21.400
21.324
21.311
21.310
21.229
21.229
21.263
21.214
21.256
21.366
21.398
21.408
21.562
21.312
21.272
21.272
21.277
21.273
21.375
21.357
21.281
21.295
21.177
21.393
21.345
21.250
21.292
21.212
21.218
21.255
21.230
21.650
21.340
21.350
22.580
21.240
21.200
21.450
21.250
21.132
21.066
21.105
21.272
21.290
21.371
21.389
21.237
21.157
21.186
21.362
21.248
21.402
21.650
21.356
21.214
21.178
21.324
21.418
21.472
21.420
21.509
21.882
22.426
21.844
21.492
21.445
21.424
21.420
21.462
21.436
21.406
21.404
21.448
21.696
21.402
21.266
21.575
21.916
21.392
21.690
21.379
21.385
21.444
21.261
21.447
21.413
21.464
21.400
21.692
21.378
21.432
21.414
21.400
21.505
21.501
21.536
21.427
21.356
21.399
21.273
21.385
21.467
21.680
21.535
21.406
21.446
21.908
21.750
21.246
21.386
21.318
21.258
21.274
21.195
21.240
21.530
20.990
20.910
21.146
21.152
21.267
21.361
21.469
21.363
21.287
21.271
21.306
21.220
21.112
21.194
21.004
21.022
21.008
21.096
21.000
21.146
21.142
21.195
21.206
21.214
21.248
21.169
21.158
21.100
21.133
21.069
20.890
20.928
21.187
21.095
20.888
20.796
20.984
21.156
21.084
20.932
20.820
21.020
21.010
21.530
21.400
20.820
20.640
20.700
20.636
20.594
21.562
20.770
20.625
20.710
21.206
20.747
20.708
20.692
21.122
21.134
21.085
21.088
21.122
21.018
21.102
21.386
21.426
21.236
21.382
21.230
21.276
21.184
21.063
21.121
21.223
21.229
21.311
21.175
21.191
21.244
21.110
21.232
21.176
21.082
21.244
21.288
21.246
21.238
21.152
21.092
21.089
21.180
21.180
21.016
21.027
21.507
21.038
21.115
21.094
21.108
21.146
21.240
21.300
21.998
21.522
21.336
21.378
21.303
21.767
21.434
21.333
21.460
21.987
21.619
21.398
21.466
21.458
21.416
21.424
21.344
21.316
21.610
21.532
21.398
21.460
21.140
21.450
21.400
21.420
21.240
21.160
21.270
21.388
21.364
21.396
21.427
21.178
21.330
21.170
21.082
21.246
21.282
21.736
21.850
21.530
21.442
21.360
21.388
21.408
21.410
21.497
21.509
21.465
21.534
21.570
21.479
21.545
21.457
21.526
22.231
21.880
21.166
21.188
21.420
21.442
21.476
21.552
21.452
21.539
22.288
21.236
21.578
20.901
21.036
21.177
21.133
21.936
21.372
21.308
21.404
21.908
21.886
21.378
21.316
21.315
21.289
21.343
21.979
21.561
22.131
21.702
21.731
21.519
21.269
21.408
21.330
21.060
21.104
21.098
21.018
21.021
21.040
20.930
21.110
21.030
21.139
21.204
21.255
21.152
20.933
21.234
21.270
21.081
21.123
21.553
21.379
21.346
21.302
21.378
21.232
21.014
21.050
21.085
21.013
20.973
21.047
20.982
21.101
21.009
20.975
21.116
21.079
21.135
21.676
21.514
21.256
21.432
21.568
21.492
21.456
21.282
21.192
21.587
22.200
21.240
21.320
21.184
21.143
21.050
21.220
21.312
21.338
21.643
21.270
21.216
21.070
21.366
21.322
21.306
21.334
21.444
21.543
21.507
21.396
21.339
21.288
21.438
21.587
21.522
21.466
21.418
21.386
21.373
21.349
21.404
21.506
21.502
21.566
21.642
22.160
22.050
21.722
21.671
21.580
22.130
21.410
21.780
21.740
21.640
21.760
21.490
21.581
21.518
21.609
21.773
21.655
21.739
21.723
21.648
21.613
21.601
21.625
21.630
21.654
21.652
21.626
21.660
21.670
21.814
21.706
21.726
21.692
21.672
21.612
21.667
21.630
21.733
21.720
22.005
21.888
21.759
21.827
21.755
21.801
21.891
22.292
22.192
21.816
21.744
21.736
21.750
21.902
21.938
21.850
22.790
21.920
21.900
21.870
21.860
21.951
22.059
21.944
21.957
21.870
21.797
21.934
21.869
21.878
21.835
21.846
21.890
21.932
22.140
22.062
22.022
22.036
21.944
22.072
22.088
22.017
22.074
22.012
22.033
21.983
22.258
22.096
21.963
22.100
22.252
22.180
22.148
22.114
22.076
22.094
22.118
21.967
22.454
22.132
22.234
22.214
22.102
22.090
22.123
22.250
22.176
22.110
22.084
22.112
22.176
22.166
22.153
22.143
22.154
22.167
22.240
22.158
22.166
22.814
22.552
22.218
22.282
22.266
22.202
22.242
22.230
22.183
22.171
22.179
23.098
22.363
22.162
22.303
22.383
22.210
22.206
22.314
22.564
22.348
22.360
22.365
22.360
22.276
22.254
22.533
22.363
22.338
22.289
22.271
22.378
22.363
22.366
22.354
22.276
22.210
22.258
22.370
22.470
22.340
22.310
22.260
22.360
22.730
22.320
22.333
22.286
22.298
22.381
22.327
23.220
22.636
22.434
22.453
22.364
22.268
22.242
22.208
22.528
22.330
22.516
22.380
22.258
23.084
22.616
22.224
22.242
22.351
22.355
22.305
22.269
22.298
22.380
22.408
22.286
22.210
22.258
22.256
22.200
22.340
22.470
22.410
22.360
22.280
22.389
22.283
22.360
22.406
22.491
22.581
22.455
22.485
22.441
22.414
22.466
22.496
22.468
22.852
22.542
22.542
22.902
23.404
22.902
22.606
22.544
22.702
22.612
22.533
22.530
22.662
22.612
23.306
23.212
22.710
22.686
22.758
22.718
22.617
22.690
22.708
22.827
22.813
22.774
22.851
22.698
23.787
22.902
22.835
22.848
22.802
22.902
22.826
22.952
22.950
23.836
23.196
22.907
22.936
22.904
22.915
22.909
22.984
22.950
22.920
23.074
23.216
23.272
23.094
23.042
23.090
23.048
23.050
23.340
23.424
23.260
23.060
23.570
23.720
23.147
23.207
23.085
23.160
23.422
23.189
23.538
23.274
23.168
23.193
23.168
23.240
23.300
23.342
23.734
23.902
23.368
23.326
23.222
23.205
23.329
23.373
23.426
23.401
23.282
23.464
23.322
23.248
23.316
23.346
23.302
23.312
23.322
23.388
23.350
23.320
23.370
23.420
23.800
23.430
23.330
23.312
23.328
23.438
23.495
23.446
24.097
23.432
23.404
24.103
23.568
23.500
23.428
23.370
23.928
23.518
23.372
23.514
23.430
23.415
23.427
23.605
23.498
23.777
23.608
23.505
23.501
23.550
23.524
23.486
23.472
23.856
23.944
23.671
23.588
23.570
23.720
23.880
24.635
23.756
23.794
23.810
23.720
23.809
23.748
23.731
23.901
23.974
23.800
23.776
23.788
23.862
23.944
24.008
23.988
23.908
23.810
23.935
24.067
24.037
24.052
23.986
23.963
23.970
23.994
24.040
24.090
24.128
24.062
24.006
24.000
24.370
24.180
24.160
24.120
24.030
24.150
24.170
24.710
24.100
24.040
24.513
24.128
24.089
24.207
24.427
24.252
24.266
24.153
24.257
25.143
24.250
24.394
24.242
24.158
24.254
24.232
24.900
24.358
24.484
24.352
24.252
24.224
24.235
24.583
24.499
24.344
24.320
24.327
24.533
24.613
24.438
24.394
24.394
24.460
24.508
24.394
24.414
24.486
24.494
24.500
24.411
25.162
24.379
24.380
24.524
24.602
24.548
24.576
24.616
24.567
24.604
24.823
24.624
24.594
24.592
24.811
25.320
24.738
24.550
24.637
24.605
24.622
24.630
24.759
24.762
24.671
24.647
24.650
24.643
24.819
24.721
24.647
24.657
24.647
24.634
24.707
24.701
24.700
24.769
24.671
24.713
24.613
24.707
24.729
24.632
25.438
24.731
25.510
24.844
25.504
25.004
24.660
24.596
24.748
24.695
24.678
24.727
24.747
24.743
24.733
24.778
24.724
24.745
24.742
24.813
24.806
24.857
24.945
24.905
24.884
24.913
24.829
24.829
24.821
24.953
25.023
25.048
24.917
24.971
25.020
24.983
24.994
25.079
25.100
25.092
25.177
25.074
25.056
25.068
25.023
25.128
25.052
25.024
25.106
25.112
25.086
25.101
25.292
25.270
25.156
25.111
25.125
25.344
25.327
25.143
25.114
25.501
25.536
25.192
25.210
25.408
25.350
25.367
25.317
25.417
25.412
25.348
25.397
25.386
25.356
25.318
25.310
25.302
25.387
25.371
25.417
25.309
25.326
25.429
25.515
25.499
25.432
25.382
25.439
25.615
25.522
25.469
25.733
25.686
25.506
25.502
25.445
25.541
25.552
25.600
25.788
25.513
25.579
25.550
25.590
25.600
25.590
25.531
25.575
25.562
25.667
25.582
25.623
25.603
25.502
25.579
25.679
25.814
25.661
25.680
26.108
25.833
25.564
25.709
25.981
25.638
25.514
26.015
25.732
25.588
25.698
25.838
25.735
26.242
25.976
25.726
25.630
25.804
25.941
25.808
25.754
25.779
25.796
25.888
25.897
25.748
25.717
25.821
25.835
25.782
25.800
25.840
25.791
26.275
25.865
26.236
27.130
25.884
26.922
26.107
25.937
25.886
25.898
25.864
26.473
26.194
26.086
26.080
26.080
26.017
26.292
26.141
26.033
25.973
26.157
26.332
26.215
26.243
26.200
26.057
26.210
26.286
26.170
26.161
26.149
26.207
26.183
26.195
26.299
26.394
26.439
26.341
26.488
26.263
26.398
26.894
26.424
26.477
26.410
26.809
26.398
26.464
26.382
26.494
26.478
26.407
26.500
26.893
26.674
26.440
26.865
26.501
26.417
26.430
26.554
26.507
26.591
26.505
26.488
26.579
26.541
26.604
26.678
26.572
26.584
26.602
26.519
26.501
26.544
26.621
27.466
26.850
26.547
26.840
26.702
26.720
26.667
27.147
26.775
26.537
26.691
26.669
26.595
26.652
26.687
26.910
26.893
26.716
26.619
26.641
26.622
26.618
27.272
27.119
26.700
26.635
26.672
26.798
26.780
26.820
27.136
27.189
26.765
26.751
26.777
26.833
26.778
26.841
26.761
26.742
26.677
26.668
27.064
26.847
26.831
26.795
26.772
26.833
26.732
26.765
26.756
26.747
26.764
26.901
26.877
26.868
27.011
26.884
26.917
26.867
26.806
26.759
26.765
26.839
26.856
26.864
26.945
26.949
27.022
27.168
27.032
26.862
26.900
26.783
26.886
26.909
26.901
27.256
27.736
27.017
26.947
26.910
26.908
26.878
26.917
27.214
26.959
26.870
26.941
26.976
27.012
27.020
27.240
27.092
26.946
26.999
26.947
26.889
26.887
26.931
26.943
26.906
27.022
27.000
26.971
27.047
27.080
27.045
26.982
26.917
27.017
26.914
27.007
27.085
27.376
27.134
26.979
26.984
27.006
27.057
26.991
27.025
26.918
26.960
27.000
27.007
26.976
27.015
26.950
26.951
26.894
26.929
27.111
27.610
27.572
27.050
26.893
27.323
27.857
27.032
26.913
26.892
26.970
27.202
26.931
