  Time[s]  W_orig[kg]  W_clean[kg]  W_interp[kg]  Disch[l/s]
    0  103.41  103.41  103.41    0.07
   13   98.21   98.21   98.21   -0.01
   24   98.47   98.47   98.47    0.17
   34   98.47   98.47   98.47    0.31
   44   97.91   97.91   97.91    0.38
   55   98.32   98.32   98.32    0.44
   65   98.19   98.19   98.19    0.44
   75   98.23   98.23   98.23    0.45
   85   98.47   98.47   98.47    0.52
   95   98.64   98.64   98.64    0.52
  105   98.27   98.27   98.27    0.52
  115   98.32   98.32   98.32    0.52
  126   98.50   98.50   98.50    0.57
  136   98.68   98.68   98.68    0.66
  146   98.64   98.64   98.64    0.77
  156   98.90   98.90   98.90    0.82
  166   98.82   98.82   98.82    0.83
  176   98.93   98.93   98.93    0.90
  186   98.69   98.69   98.69    0.90
  196   99.67 -999.00   98.66    0.89
  207   98.63   98.63   98.63    0.96
  217  100.14 -999.00   98.54    0.96
  227   98.45   98.45   98.45    0.97
  237   98.50   98.50   98.50    0.96
  247   98.36   98.36   98.36    0.97
  257   98.26   98.26   98.26    0.96
  267   98.36   98.36   98.36    1.02
  277   98.63 -999.00   98.34    1.02
  287   98.32   98.32   98.32    1.03
  298   98.44   98.44   98.44    1.02
  308   99.11 -999.00   98.53    1.05
  318   98.63   98.63   98.63    1.03
  328   98.55   98.55   98.55    1.03
  338   98.77   98.77   98.77    1.03
  348   98.61   98.61   98.61    1.03
  358   99.11 -999.00   98.64    1.03
  373   98.69   98.69   98.69    1.03
  384   98.84   98.84   98.84    1.03
  394   98.71   98.71   98.71    1.03
  404   98.79   98.79   98.79    1.03
  414   98.79   98.79   98.79    1.03
  424   98.74   98.74   98.74    1.03
  435   98.64   98.64   98.64    1.03
  445   99.29 -999.00   98.75    1.02
  455   98.85   98.85   98.85    1.03
  465   98.85   98.85   98.85    1.03
  475   98.85   98.85   98.85    1.02
  485   98.63   98.63   98.63    1.03
  495   98.90   98.90   98.90    1.03
  505   98.77   98.77   98.77    1.03
  515   98.84   98.84   98.84    1.02
  525  101.62 -999.00   98.76    1.04
  536   98.68   98.68   98.68    1.03
  546   98.77   98.77   98.77    1.03
  556   98.72   98.72   98.72    1.03
  566   98.79   98.79   98.79    1.03
  576   98.60   98.60   98.60    1.04
  586   98.64   98.64   98.64    1.03
  596   98.71   98.71   98.71    1.04
  606   98.71   98.71   98.71    1.03
  617   98.66   98.66   98.66    1.03
  627   98.76   98.76   98.76    1.03
  637   98.71   98.71   98.71    1.03
  647   99.22 -999.00   98.79    1.03
  657   98.87   98.87   98.87    1.03
  667   98.84   98.84   98.84    1.03
  677   98.79   98.79   98.79    1.03
  687   98.84   98.84   98.84    1.03
  698   98.76   98.76   98.76    1.03
  708   98.80   98.80   98.80    1.03
  718   98.89   98.89   98.89    1.03
  728   98.64   98.64   98.64    1.03
  738   98.82   98.82   98.82    1.03
  748   98.80   98.80   98.80    1.04
  763   98.77   98.77   98.77    1.02
  774   98.72   98.72   98.72    1.03
  784   98.72   98.72   98.72    1.03
  794   98.79   98.79   98.79    1.03
  804   98.76   98.76   98.76    1.03
  814   99.13   99.13   99.13    1.03
  825   99.13   99.13   99.13    1.03
  835   99.01   99.01   99.01    1.03
  845  101.70 -999.00   99.02    1.03
  855   99.03   99.03   99.03    1.03
  865  100.22 -999.00   99.09    1.02
  875   99.16   99.16   99.16    1.03
  885   99.06   99.06   99.06    1.02
  896   99.06   99.06   99.06    1.03
  906   98.93   98.93   98.93    1.03
  916   99.05   99.05   99.05    1.03
  926   99.11   99.11   99.11    1.03
  936   98.93   98.93   98.93    1.03
  946   99.25 -999.00   98.97    1.02
  956   99.00   99.00   99.00    1.03
  966   99.32 -999.00   98.97    1.03
  977   98.93   98.93   98.93    1.03
  987   99.01   99.01   99.01    1.03
  997   99.03   99.03   99.03    1.03
 1007   99.00   99.00   99.00    1.03
 1017   99.14   99.14   99.14    1.03
 1027   99.03   99.03   99.03    1.02
 1037   99.09   99.09   99.09    1.03
 1047   99.21   99.21   99.21    1.03
 1057   99.09   99.09   99.09    1.03
 1067   99.05   99.05   99.05    1.02
 1078   99.00   99.00   99.00    1.03
 1088  100.14 -999.00   99.03    1.05
 1098   99.06   99.06   99.06    1.03
 1108   99.09   99.09   99.09    1.03
 1123   99.08   99.08   99.08    1.02
 1134   98.97   98.97   98.97    1.02
 1144   99.96 -999.00   99.01    1.05
 1154   99.05   99.05   99.05    1.03
 1164  102.02 -999.00   99.05    1.03
 1174   99.05   99.05   99.05    1.02
 1184   99.13   99.13   99.13    1.03
 1195   99.03   99.03   99.03    1.03
 1205   99.42 -999.00   99.08    1.03
 1215   99.13   99.13   99.13    1.03
 1225   99.16   99.16   99.16    1.03
 1235   99.33   99.33   99.33    1.02
 1245   99.37   99.37   99.37    1.03
 1255   99.69 -999.00   99.38    1.02
 1265   99.40   99.40   99.40    1.03
 1275   99.33   99.33   99.33    1.03
 1286   99.35   99.35   99.35    1.02
 1296   99.22   99.22   99.22    1.04
 1306   99.45   99.45   99.45    1.03
 1316   99.45   99.45   99.45    1.03
 1326   99.30   99.30   99.30    1.03
 1336   99.51   99.51   99.51    1.03
 1346   99.58   99.58   99.58    1.03
 1356   99.48   99.48   99.48    1.03
 1366   99.37   99.37   99.37    1.02
 1376   99.35   99.35   99.35    1.03
 1386   99.48   99.48   99.48    1.04
 1397   99.43   99.43   99.43    1.03
 1407   99.48   99.48   99.48    1.03
 1417  101.26 -999.00   99.44    1.03
 1427   99.40   99.40   99.40    1.03
 1437   99.40   99.40   99.40    1.03
 1447   99.45   99.45   99.45    1.03
 1457   99.69 -999.00   99.42    1.03
 1467   99.38   99.38   99.38    1.03
 1477  101.52 -999.00   99.42    1.02
 1487   99.45   99.45   99.45    1.04
 1498   99.38   99.38   99.38    1.03
 1508   99.48   99.48   99.48    1.03
 1518   99.85 -999.00   99.49    1.03
 1528   99.50   99.50   99.50    1.02
 1538   99.40   99.40   99.40    1.02
 1554   99.62   99.62   99.62    1.02
 1564   99.40   99.40   99.40    1.03
 1574   99.53   99.53   99.53    1.03
 1585   99.54   99.54   99.54    1.04
 1595   99.59   99.59   99.59    1.02
 1605   99.45   99.45   99.45    1.03
 1615   99.45   99.45   99.45    1.04
 1625   99.59   99.59   99.59    1.03
 1635   99.61   99.61   99.61    1.02
 1645   99.61   99.61   99.61    1.03
 1656   99.46   99.46   99.46    1.02
 1666   99.58   99.58   99.58    1.03
 1676   99.95   99.95   99.95    1.03
