  Minute   Ndata_cl   W[kg] Qs[g/s] Qcmforw[g/s] Qcmback[g/s]
      1       4   92.618 -999.000 -999.000 -999.000
      2       5   93.306   11.470   11.470    0.754
      3       6   93.237   -1.142    5.164    0.325
      4       5   93.229   -0.143    3.395    0.387
      5       4   92.854   -6.237    0.987    0.410
      6       6   93.162    5.131    1.816    0.712
      7       5   93.196    0.571    1.608    0.501
      8       5   92.981   -3.587    0.866    0.498
      9       6   93.026    0.740    0.850    0.713
     10       4   92.967   -0.982    0.647    0.711
     11       5   92.904   -1.044    0.478    0.811
     12       4   93.051    2.449    0.657    0.927
     13       4   93.099    0.803    0.669    0.825
     14       4   93.015   -1.405    0.510    0.827
     15       6   92.782   -3.881    0.196    0.999
     16       5   92.605   -2.945   -0.013    1.405
     17       6   92.745    2.320    0.132    1.801
     18       6   93.459   11.912    0.825    1.749
     19       5   93.926    7.772    1.211    0.620
     20       5   93.765   -2.677    1.007   -0.274
     21       6   94.059    4.898    1.201    0.069
     22       4   93.894   -2.744    1.013   -0.736
     23       4   94.183    4.818    1.186   -0.335
     24       5   94.041   -2.369    1.032   -1.623
     25       4   93.886   -2.583    0.881   -1.374
     26       5   93.884   -0.040    0.844   -0.770
     27       5   93.794   -1.499    0.754   -1.499
