  Minute   Ndata_cl   W[kg] Qs[g/s] Qcmforw[g/s] Qcmback[g/s]
      1       4  101.607 -999.000 -999.000 -999.000
      2       5  101.699    1.526    1.526    0.980
      3       3  101.706    0.125    0.825    0.959
      4       5  102.078    6.192    2.614    0.992
      5       5  101.657   -7.013    0.207    0.776
      6       6  101.945    4.792    1.124    1.114
      7       4  102.298    5.889    1.918    0.947
      8       5  102.505    3.453    2.138    0.712
      9       5  102.579    1.231    2.024    0.575
     10       4  102.627    0.803    1.889    0.540
     11       4  102.643    0.268    1.727    0.525
     12       5  102.685    0.696    1.633    0.541
     13       5  102.891    3.426    1.782    0.531
     14       5  102.756   -2.249    1.472    0.338
     15       4  102.756    0.000    1.367    0.523
     16       3  102.820    1.071    1.347    0.563
     17       6  102.793   -0.446    1.235    0.520
     18       3  102.847    0.892    1.215    0.608
     19       6  102.817   -0.491    1.120    0.580
     20       5  102.945    2.132    1.174    0.699
     21       4  102.828   -1.954    1.017    0.520
     22       4  102.812   -0.268    0.956    0.873
     23       5  102.894    1.365    0.975    1.063
     24       4  103.049    2.583    1.045    1.003
     25       5  103.054    0.094    1.005    0.608
     26       5  103.058    0.054    0.967    0.779
     27       4  103.121    1.057    0.970    1.142
     28       3  103.195    1.227    0.980    1.227
