  Minute   Ndata_cl   W[kg] Qs[g/s] Qcmforw[g/s] Qcmback[g/s]
      1       5  100.594 -999.000 -999.000 -999.000
      2       5  101.262   11.135   11.135    0.832
      3       4  101.527    4.417    7.776    0.420
      4       5  101.519   -0.134    5.139    0.254
      5       4  101.395   -2.075    3.336    0.271
      6       6  101.259   -2.253    2.218    0.377
      7       6  101.297    0.625    1.953    0.502
      8       5  101.259   -0.634    1.583    0.496
      9       6  101.375    1.927    1.626    0.556
     10       4  101.363   -0.201    1.423    0.480
     11       5  101.259   -1.727    1.108    0.520
     12       6  101.348    1.481    1.142    0.660
     13       5  101.256   -1.535    0.919    0.605
     14       5  101.291    0.589    0.894    0.758
     15       6  101.281   -0.169    0.818    0.771
     16       6  101.372    1.517    0.864    0.850
     17       4  101.443    1.182    0.884    0.789
     18       5  101.487    0.736    0.875    0.749
     19       5  101.481   -0.107    0.821    0.751
     20       4  101.439   -0.696    0.741    0.858
     21       5  101.609    2.837    0.846    1.080
     22       6  101.723    1.892    0.896    0.787
     23       5  101.744    0.357    0.871    0.567
     24       6  101.664   -1.339    0.775    0.619
     25       5  101.728    1.071    0.787    1.272
     26       5  101.834    1.767    0.827    1.372
     27       4  101.893    0.977    0.832    0.977
