  Minute   Ndata_cl   W[kg] Qs[g/s] Qcmforw[g/s] Qcmback[g/s]
      1       4   97.110 -999.000 -999.000 -999.000
      2       5   97.449    5.648    5.648    0.134
      3       4   97.528    1.312    3.480   -0.087
      4       4   97.203   -5.420    0.513   -0.145
      5       5   97.019   -3.065   -0.381    0.084
      6       4   97.002   -0.281   -0.361    0.228
      7       4   96.942   -1.004   -0.468    0.252
      8       3   97.258    5.264    0.350    0.315
      9       4   97.400    2.365    0.602    0.054
     10       3   97.231   -2.811    0.223   -0.074
     11       4   97.062   -2.811   -0.080    0.087
     12       4   97.195    2.208    0.128    0.268
     13       5   97.215    0.334    0.145    0.138
     14       4   97.090   -2.074   -0.026    0.124
     15       4   97.207    1.941    0.115    0.293
     16       5   97.241    0.562    0.145    0.156
     17       3   97.188   -0.874    0.081    0.119
     18       4   97.135   -0.892    0.024    0.219
     19       3   97.022   -1.874   -0.082    0.342
     20       4   97.171    2.476    0.053    0.619
     21       6   97.185    0.245    0.062    0.354
     22       4   97.163   -0.379    0.041    0.372
     23       3   97.167    0.067    0.043    0.522
     24       4   97.211    0.736    0.073    0.636
     25       5   97.298    1.459    0.130    0.602
     26       3   97.199   -1.659    0.059    0.174
     27       4   97.319    2.008    0.134    2.008
