  Minute   Ndata_cl   W[kg] Qs[g/s] Qcmforw[g/s] Qcmback[g/s]
      1       4   89.241 -999.000 -999.000 -999.000
      2       4   89.417    2.944    2.944    0.345
      3       4   89.518    1.673    2.309    0.241
      4       4   89.490   -0.468    1.383    0.181
      5       3   89.747    4.283    2.108    0.209
      6       4   89.658   -1.472    1.392    0.024
      7       4   89.650   -0.134    1.138    0.096
      8       4   89.646   -0.067    0.966    0.107
      9       4   89.735    1.472    1.029    0.116
     10       3   89.720   -0.245    0.887    0.041
     11       4   89.642   -1.294    0.669    0.058
     12       4   89.980    5.621    1.119    0.142
     13       4   90.120    2.342    1.221   -0.223
     14       4   90.156    0.602    1.174   -0.406
     15       5   89.914   -4.042    0.801   -0.484
     16       5   89.750   -2.730    0.566   -0.187
     17       4   89.783    0.549    0.565    0.044
     18       3   89.677   -1.762    0.428   -0.007
     19       6   89.725    0.803    0.449    0.188
     20       4   89.883    2.632    0.564    0.112
     21       4   89.594   -4.818    0.294   -0.249
     22       3   89.607    0.223    0.291    0.513
     23       5   89.763    2.587    0.395    0.571
     24       3   89.736   -0.446    0.359    0.067
     25       4   89.735   -0.022    0.343    0.238
     26       6   89.848    1.896    0.405    0.368
     27       4   89.779   -1.160    0.345   -1.160
