  Minute   Ndata_cl   W[kg] Qs[g/s] Qcmforw[g/s] Qcmback[g/s]
      1       3   93.778 -999.000 -999.000 -999.000
      2       5   94.330    9.208    9.208    1.444
      3       5   94.764    7.227    8.218    1.133
      4       6   94.426   -5.639    3.599    0.879
      5       6   94.431    0.089    2.721    1.163
      6       4   94.613    3.034    2.784    1.212
      7       4   94.697    1.405    2.554    1.125
      8       5   95.092    6.571    3.128    1.111
      9       4   95.292    3.333    3.154    0.823
     10       6   95.247   -0.736    2.721    0.684
     11       6   95.226   -0.357    2.414    0.768
     12       5   95.406    3.007    2.467    0.838
     13       5   95.403   -0.053    2.257    0.693
     14       4   95.577    2.891    2.306    0.747
     15       5   95.634    0.964    2.210    0.582
     16       4   95.705    1.178    2.141    0.550
     17       6   95.807    1.695    2.114    0.493
     18       5   95.879    1.196    2.060    0.373
     19       4   95.822   -0.950    1.892    0.281
     20       4   96.030    3.480    1.976    0.435
     21       6   96.016   -0.245    1.865    0.000
     22       5   96.001   -0.250    1.764    0.041
     23       5   96.052    0.857    1.723    0.099
     24       4   96.099    0.776    1.682   -0.090
     25       4   96.111    0.201    1.620   -0.379
     26       6   96.013   -1.628    1.490   -0.669
     27       4   96.030    0.290    1.444    0.290
