  Minute   Ndata_cl   W[kg] Qs[g/s] Qcmforw[g/s] Qcmback[g/s]
      1       5   98.275 -999.000 -999.000 -999.000
      2       6   98.355    1.338    1.338    0.781
      3       6   98.746    6.514    3.926    0.758
      4       4   98.568   -2.967    1.628    0.519
      5       5   98.346   -3.707    0.294    0.670
      6       4   98.640    4.912    1.218    0.869
      7       5   98.763    2.048    1.356    0.677
      8       5   98.789    0.428    1.224    0.608
      9       5   98.763   -0.428    1.017    0.618
     10       6   98.706   -0.955    0.798    0.676
     11       5   98.741    0.580    0.776    0.772
     12       6   98.818    1.294    0.823    0.784
     13       5   98.753   -1.080    0.665    0.749
     14       6   98.923    2.820    0.830    0.880
     15       4   99.078    2.588    0.956    0.731
     16       5   99.004   -1.231    0.810    0.576
     17       5   99.023    0.321    0.780    0.741
     18       6   99.078    0.910    0.787    0.783
     19       4   99.050   -0.468    0.718    0.768
     20       4   99.062    0.201    0.690    0.923
     21       4   99.247    3.078    0.810    1.026
     22       6   99.367    2.008    0.867    0.684
     23       6   99.431    1.071    0.876    0.419
     24       5   99.438    0.107    0.843    0.257
     25       4   99.415   -0.375    0.792    0.306
     26       4   99.499    1.405    0.816    0.647
     27       6   99.493   -0.112    0.781   -0.112
