  Minute   Ndata_cl   W[kg] Qs[g/s] Qcmforw[g/s] Qcmback[g/s]
      1       4   44.066 -999.000 -999.000 -999.000
      2       5   44.931   14.414   14.414    0.768
      3       5   45.326    6.585   10.500    0.754
      4       5   45.879    9.208   10.069    0.748
      5       5   44.600  -21.307    2.225    0.740
      6       5   44.857    4.283    2.637    0.762
      7       5   44.729   -2.141    1.840    0.759
      8       6   44.654   -1.249    1.399    0.762
      9       4   44.620   -0.558    1.154    0.764
     10       4   44.922    5.019    1.584    0.765
     11       4   44.673   -4.149    1.010    0.761
     12       5   44.745    1.205    1.028    0.766
     13       3   44.739   -0.089    0.935    0.765
     14       5   44.668   -1.196    0.771    0.766
     15       6   44.555   -1.883    0.582    0.768
     16       5   45.831   21.262    1.960    0.771
     17       6   44.590  -20.682    0.545    0.750
     18       5   44.594    0.071    0.517    0.772
     19       5   44.710    1.927    0.596    0.773
     20       4   44.524   -3.092    0.402    0.771
     21       6   44.547    0.379    0.400    0.775
     22       5   44.546   -0.018    0.380    0.776
     23       4   44.283   -4.377    0.164    0.777
     24       5   44.732    7.482    0.482    0.782
     25       5   44.382   -5.835    0.219    0.775
     26       4   44.528    2.436    0.308    0.782
     27       4   44.524   -0.067    0.293    0.780
     28       5   44.568    0.736    0.310    0.781
     29       5   44.549   -0.321    0.287    0.781
     30       5   44.722    2.891    0.377    0.782
     31       5   44.729    0.107    0.368    0.780
     32       4   44.841    1.874    0.417    0.781
     33       4   44.685   -2.610    0.322    0.780
     34       6   44.624   -1.004    0.282    0.783
     35       5   44.629    0.080    0.276    0.785
     36       3   44.627   -0.036    0.267    0.786
     37       5   45.249   10.368    0.548    0.787
     38       5   45.362    1.874    0.583    0.776
     39       3   44.847   -8.584    0.342    0.775
     40       4   44.998    2.521    0.398    0.785
     41       5   45.140    2.369    0.447    0.783
     42       6   45.154    0.241    0.442    0.782
     43       5   45.249    1.579    0.469    0.782
     44       6   45.494    4.086    0.554    0.781
     45       4   45.435   -0.981    0.519    0.778
     46       5   45.419   -0.268    0.501    0.780
     47       5   45.798    6.317    0.628    0.781
     48       5   45.535   -4.390    0.521    0.775
     49       5   45.593    0.964    0.530    0.781
     50       6   45.909    5.273    0.627    0.780
     51       5   45.994    1.419    0.643    0.776
     52       5   46.573    9.636    0.819    0.775
     53       5   45.956  -10.279    0.606    0.765
     54       5   45.988    0.535    0.604    0.777
     55       5   45.965   -0.375    0.586    0.777
     56       5   45.969    0.054    0.576    0.779
     57       4   45.905   -1.057    0.547    0.779
     58       4   46.050    2.409    0.580    0.781
     59       4   46.122    1.205    0.591    0.780
     60       6   46.145    0.379    0.587    0.779
     61       4   46.267    2.030    0.611    0.780
     62       5   46.980   11.898    0.796    0.778
     63       6   46.437   -9.065    0.637    0.766
     64       4   46.363   -1.227    0.608    0.777
     65       5   46.322   -0.683    0.587    0.779
     66       4   46.580    4.296    0.644    0.781
     67       5   46.585    0.094    0.636    0.777
     68       6   46.608    0.375    0.632    0.778
     69       5   46.614    0.107    0.625    0.778
     70       6   46.771    2.614    0.653    0.779
     71       6   46.715   -0.937    0.631    0.777
     72       5   47.125    6.835    0.718    0.779
     73       6   46.929   -3.266    0.663    0.772
     74       4   46.885   -0.736    0.644    0.776
     75       4   47.042    2.610    0.670    0.778
     76       5   46.961   -1.338    0.643    0.776
     77       5   46.871   -1.499    0.615    0.778
     78       5   46.945    1.231    0.623    0.781
     79       6   47.122    2.944    0.653    0.780
     80       5   47.327    3.426    0.688    0.778
     81       4   47.347    0.321    0.683    0.775
     82       4   47.254   -1.539    0.656    0.776
     83       4   47.355    1.673    0.668    0.778
     84       5   47.456    1.686    0.681    0.777
     85       4   47.407   -0.816    0.663    0.776
     86       5   47.607    3.333    0.694    0.778
     87       5   47.678    1.178    0.700    0.775
     88       4   47.897    3.654    0.734    0.775
     89       5   47.684   -3.547    0.685    0.771
     90       4   47.873    3.145    0.713    0.776
     91       5   47.870   -0.040    0.704    0.774
     92       6   47.970    1.668    0.715    0.775
     93       5   48.028    0.955    0.718    0.774
     94       5   48.015   -0.214    0.708    0.773
     95       6   47.970   -0.741    0.692    0.774
     96       5   48.166    3.257    0.719    0.776
     97       4   48.206    0.669    0.719    0.773
     98       6   48.211    0.089    0.712    0.773
     99       5   48.185   -0.437    0.700    0.774
    100       5   48.320    2.248    0.716    0.776
    101       3   48.391    1.178    0.721    0.774
    102       6   48.447    0.937    0.723    0.774
    103       6   48.294   -2.543    0.691    0.773
    104       4   48.403    1.807    0.702    0.777
    105       5   48.423    0.335    0.698    0.776
    106       5   48.278   -2.409    0.669    0.776
    107       4   48.326    0.803    0.670    0.780
    108       4   48.415    1.472    0.677    0.780
    109       5   48.432    0.294    0.674    0.779
    110       5   48.381   -0.857    0.660    0.780
    111       5   48.519    2.302    0.675    0.782
    112       4   48.455   -1.071    0.659    0.780
    113       6   48.466    0.179    0.655    0.782
    114       5   48.497    0.517    0.653    0.783
    115       3   48.739    4.033    0.683    0.783
    116       5   48.898    2.659    0.700    0.779
    117       4   48.772   -2.101    0.676    0.777
    118       5   48.872    1.673    0.685    0.780
    119       5   48.908    0.589    0.684    0.779
    120       5   49.033    2.088    0.696    0.780
    121       4   48.888   -2.409    0.670    0.778
    122       4   49.170    4.684    0.703    0.782
    123       6   49.247    1.294    0.708    0.777
    124       3   49.317    1.160    0.711    0.777
    125       6   49.370    0.892    0.713    0.776
    126       6   49.338   -0.535    0.703    0.776
    127       4   49.398    1.004    0.705    0.778
    128       5   49.457    0.977    0.707    0.777
    129       5   49.496    0.642    0.707    0.777
    130       4   49.595    1.660    0.714    0.777
    131       5   49.762    2.784    0.730    0.776
    132       5   49.839    1.285    0.734    0.774
    133       3   49.847    0.125    0.730    0.773
    134       6   49.871    0.402    0.727    0.774
    135       6   49.866   -0.089    0.721    0.775
    136       6   49.983    1.963    0.730    0.776
    137       6   50.048    1.071    0.733    0.774
    138       5   50.083    0.598    0.732    0.774
    139       5   50.096    0.214    0.728    0.774
    140       4   50.041   -0.923    0.716    0.775
    141       6   50.189    2.476    0.729    0.777
    142       6   50.361    2.855    0.744    0.775
    143       4   50.346   -0.245    0.737    0.772
    144       5   50.546    3.333    0.755    0.773
    145       5   50.658    1.874    0.763    0.770
    146       4   50.780    2.021    0.772    0.769
    147       4   50.804    0.401    0.769    0.768
    148       5   50.935    2.182    0.779    0.768
    149       6   51.070    2.257    0.789    0.766
    150       5   51.060   -0.169    0.782    0.765
    151       5   51.426    6.103    0.818    0.766
    152       4   51.362   -1.071    0.805    0.759
    153       4   51.462    1.673    0.811    0.762
    154       6   51.522    1.004    0.812    0.760
    155       5   51.657    2.248    0.822    0.760
    156       5   51.635   -0.375    0.814    0.758
    157       6   51.779    2.409    0.824    0.760
    158       5   51.889    1.820    0.830    0.758
    159       5   51.895    0.107    0.826    0.756
    160       5   51.908    0.214    0.822    0.757
    161       4   51.996    1.472    0.826    0.758
    162       6   52.015    0.312    0.823    0.757
    163       5   52.300    4.747    0.847    0.758
    164       6   52.293   -0.107    0.841    0.753
    165       4   52.470    2.944    0.854    0.754
    166       5   53.071   10.011    0.910    0.751
    167       4   52.462  -10.145    0.843    0.740
    168       5   52.509    0.776    0.843    0.753
    169       6   52.607    1.633    0.847    0.753
    170       6   52.687    1.338    0.850    0.752
    171       5   52.772    1.419    0.853    0.751
    172       5   52.817    0.750    0.853    0.750
    173       5   52.897    1.338    0.856    0.750
    174       4   53.205    5.126    0.880    0.750
    175       4   53.145   -1.004    0.870    0.744
    176       5   53.199    0.910    0.870    0.747
    177       5   53.296    1.606    0.874    0.746
    178       5   53.299    0.054    0.869    0.745
    179       5   53.405    1.767    0.874    0.746
    180       4   53.430    0.415    0.872    0.745
    181       5   53.495    1.084    0.873    0.745
    182       4   53.703    3.466    0.887    0.745
    183       6   53.613   -1.495    0.874    0.742
    184       5   53.720    1.776    0.879    0.744
    185       5   53.694   -0.428    0.872    0.743
    186       5   53.899    3.426    0.886    0.744
    187       5   53.829   -1.178    0.875    0.741
    188       5   53.954    2.088    0.881    0.744
    189       5   54.066    1.874    0.887    0.742
    190       5   53.957   -1.820    0.872    0.740
    191       5   53.954   -0.054    0.867    0.744
    192       5   54.092    2.302    0.875    0.745
    193       6   54.138    0.758    0.874    0.743
    194       6   54.159    0.357    0.872    0.743
    195       4   54.148   -0.178    0.866    0.743
    196       5   54.211    1.044    0.867    0.744
    197       5   54.400    3.158    0.879    0.744
    198       5   54.423    0.375    0.876    0.741
    199       5   54.362   -1.017    0.867    0.741
    200       6   54.526    2.730    0.876    0.744
    201       3   54.488   -0.625    0.868    0.741
    202       4   54.634    2.431    0.876    0.743
    203       5   54.882    4.136    0.892    0.741
    204       5   54.767   -1.927    0.879    0.736
    205       4   54.658   -1.807    0.865    0.740
    206       5   54.767    1.807    0.870    0.743
    207       4   54.755   -0.201    0.865    0.742
    208       4   54.799    0.736    0.864    0.743
    209       5   54.863    1.071    0.865    0.743
    210       5   54.776   -1.446    0.854    0.742
    211       3   54.890    1.892    0.859    0.745
    212       4   54.783   -1.785    0.846    0.744
    213       4   54.843    1.004    0.847    0.747
    214       5   54.876    0.549    0.846    0.747
    215       4   54.867   -0.147    0.841    0.747
    216       6   54.941    1.227    0.843    0.748
    217       4   55.028    1.450    0.846    0.747
    218       5   55.245    3.627    0.859    0.747
    219       4   55.401    2.597    0.867    0.743
    220       4   55.365   -0.602    0.860    0.740
    221       4   55.297   -1.138    0.851    0.742
    222       5   55.416    1.981    0.856    0.745
    223       5   55.489    1.231    0.858    0.743
    224       6   55.613    2.052    0.863    0.742
    225       5   55.483   -2.159    0.849    0.741
    226       6   55.580    1.624    0.853    0.744
    227       5   55.595    0.250    0.850    0.743
    228       5   55.653    0.964    0.851    0.744
    229       6   55.800    2.445    0.858    0.744
    230       5   55.946    2.427    0.865    0.741
    231       5   55.984    0.642    0.864    0.739
    232       5   56.016    0.535    0.862    0.739
    233       5   56.023    0.107    0.859    0.740
    234       4   56.176    2.556    0.866    0.740
    235       4   56.212    0.602    0.865    0.738
    236       4   56.308    1.606    0.868    0.738
    237       5   56.273   -0.589    0.862    0.737
    238       5   56.414    2.356    0.868    0.739
    239       5   56.488    1.231    0.870    0.737
    240       5   56.492    0.054    0.866    0.736
    241       5   56.598    1.767    0.870    0.737
    242       5   56.684    1.445    0.873    0.736
    243       5   56.697    0.214    0.870    0.735
    244       4   56.646   -0.857    0.863    0.735
    245       5   56.794    2.463    0.869    0.737
    246       6   56.777   -0.277    0.865    0.735
    247       5   56.890    1.883    0.869    0.736
    248       6   56.943    0.883    0.869    0.735
    249       3   57.047    1.740    0.872    0.735
    250       5   57.115    1.124    0.873    0.733
    251       5   57.378    4.390    0.887    0.733
    252       6   57.465    1.445    0.890    0.728
    253       5   57.670    3.426    0.900    0.727
    254       5   57.667   -0.053    0.896    0.723
    255       5   57.699    0.535    0.895    0.724
    256       5   57.683   -0.268    0.890    0.725
    257       5   57.789    1.767    0.893    0.726
    258       6   57.901    1.865    0.897    0.724
    259       3   57.759   -2.364    0.885    0.723
    260       4   58.272    8.543    0.914    0.727
    261       6   58.295    0.379    0.912    0.716
    262       5   58.258   -0.607    0.906    0.717
    263       5   58.335    1.285    0.908    0.719
    264       4   58.493    2.623    0.914    0.718
    265       5   58.596    1.713    0.917    0.715
    266       5   58.682    1.445    0.919    0.714
    267       5   58.708    0.428    0.917    0.713
    268       4   58.388   -5.327    0.894    0.713
    269       5   58.647    4.309    0.907    0.722
    270       5   58.997    5.835    0.925    0.717
    271       5   59.026    0.482    0.923    0.710
    272       4   59.151    2.088    0.928    0.710
    273       6   59.049   -1.695    0.918    0.708
    274       5   58.981   -1.142    0.911    0.711
    275       5   59.055    1.231    0.912    0.714
    276       4   59.179    2.074    0.916    0.713
    277       6   59.068   -1.851    0.906    0.711
    278       6   59.036   -0.535    0.901    0.715
    279       5   59.119    1.383    0.902    0.717
    280       5   58.975   -2.409    0.891    0.716
    281       4   59.236    4.350    0.903    0.720
    282       5   59.260    0.415    0.901    0.715
    283       5   59.286    0.428    0.900    0.715
    284       5   59.444    2.623    0.906    0.716
    285       4   59.464    0.348    0.904    0.713
    286       4   59.396   -1.138    0.896    0.714
    287       4   59.348   -0.803    0.891    0.716
    288       5   59.479    2.181    0.895    0.718
    289       4   59.448   -0.508    0.890    0.716
    290       5   59.479    0.508    0.889    0.718
    291       5   59.389   -1.499    0.881    0.718
    292       5   59.553    2.730    0.887    0.722
    293       5   59.472   -1.338    0.879    0.719
    294       5   59.479    0.107    0.877    0.722
    295       6   59.459   -0.330    0.873    0.723
    296       5   59.427   -0.526    0.868    0.724
    297       5   59.472    0.750    0.867    0.726
    298       6   59.628    2.588    0.873    0.726
    299       4   59.685    0.959    0.874    0.723
    300       6   59.815    2.164    0.878    0.723
    301       4   60.083    4.461    0.890    0.721
    302       4   59.830   -4.216    0.873    0.715
    303       5   59.900    1.164    0.874    0.722
    304       4   59.862   -0.629    0.869    0.722
    305       5   59.909    0.790    0.869    0.724
    306       4   59.970    1.017    0.869    0.724
    307       5   60.080    1.820    0.872    0.723
    308       5   60.067   -0.214    0.869    0.722
    309       4   60.103    0.602    0.868    0.723
    310       6   60.222    1.985    0.871    0.723
    311       4   60.191   -0.513    0.867    0.721
    312       5   60.446    4.243    0.878    0.723
    313       6   60.289   -2.614    0.867    0.718
    314       4   60.320    0.513    0.865    0.723
    315       4   60.267   -0.870    0.860    0.723
    316       6   60.372    1.740    0.863    0.726
    317       5   60.394    0.375    0.861    0.724
    318       6   60.385   -0.152    0.858    0.725
    319       6   60.380   -0.089    0.855    0.726
    320       4   60.424    0.736    0.855    0.727
    321       5   60.597    2.878    0.861    0.727
    322       4   60.557   -0.669    0.856    0.724
    323       5   60.520   -0.616    0.852    0.726
    324       6   60.490   -0.500    0.847    0.728
    325       5   61.005    8.584    0.871    0.730
    326       4   60.621   -6.398    0.849    0.718
    327       6   60.551   -1.160    0.843    0.729
    328       4   60.629    1.294    0.844    0.732
    329       3   60.613   -0.268    0.841    0.731
    330       5   60.584   -0.482    0.837    0.732
    331       5   60.568   -0.268    0.833    0.734
    332       5   60.555   -0.214    0.830    0.736
    333       4   60.617    1.031    0.831    0.737
    334       5   60.626    0.147    0.829    0.737
    335       5   60.834    3.480    0.837    0.737
    336       4   60.765   -1.151    0.831    0.733
    337       6   60.736   -0.491    0.827    0.736
    338       4   60.838    1.695    0.829    0.738
    339       4   60.705   -2.208    0.820    0.737
    340       6   60.773    1.138    0.821    0.741
    341       5   60.895    2.034    0.825    0.740
    342       4   60.898    0.040    0.823    0.738
    343       5   60.876   -0.361    0.819    0.740
    344       4   60.886    0.161    0.817    0.741
    345       5   60.873   -0.214    0.814    0.742
    346       5   60.883    0.161    0.812    0.744
    347       5   60.889    0.107    0.810    0.745
    348       4   61.078    3.159    0.817    0.746
    349       5   61.046   -0.535    0.813    0.742
    350       5   61.069    0.375    0.812    0.744
    351       6   61.169    1.677    0.814    0.744
    352       5   61.156   -0.232    0.811    0.743
    353       5   61.406    4.176    0.821    0.744
    354       4   61.231   -2.918    0.810    0.739
    355       5   61.194   -0.616    0.806    0.745
    356       4   61.267    1.218    0.808    0.747
    357       5   61.255   -0.201    0.805    0.746
    358       5   61.380    2.088    0.808    0.748
    359       6   61.424    0.723    0.808    0.746
    360       6   61.397   -0.446    0.805    0.746
    361       5   61.451    0.901    0.805    0.747
    362       4   61.476    0.415    0.804    0.747
    363       5   61.467   -0.147    0.801    0.748
    364       6   61.608    2.356    0.805    0.749
    365       5   61.647    0.642    0.805    0.747
    366       6   61.630   -0.285    0.802    0.747
    367       4   61.657    0.446    0.801    0.748
    368       3   61.592   -1.071    0.796    0.749
    369       5   61.612    0.321    0.795    0.752
    370       5   61.888    4.604    0.805    0.753
    371       6   61.839   -0.821    0.801    0.746
    372       3   61.844    0.089    0.799    0.749
    373       5   61.875    0.518    0.798    0.750
    374       5   61.952    1.285    0.799    0.750
    375       5   61.991    0.643    0.799    0.749
    376       5   61.991    0.000    0.797    0.750
    377       5   62.042    0.857    0.797    0.751
    378       6   61.943   -1.651    0.790    0.751
    379       5   61.965    0.366    0.789    0.755
    380       6   61.986    0.348    0.788    0.755
    381       3   62.080    1.561    0.790    0.756
    382       5   62.100    0.339    0.789    0.755
    383       4   62.110    0.174    0.787    0.755
    384       5   62.187    1.271    0.789    0.756
    385       6   62.275    1.472    0.790    0.755
    386       5   62.379    1.740    0.793    0.754
    387       4   62.524    2.409    0.797    0.753
    388       5   62.890    6.103    0.811    0.750
    389       4   62.347   -9.048    0.785    0.741
    390       5   62.270   -1.285    0.780    0.757
    391       6   62.420    2.489    0.784    0.761
    392       5   62.395   -0.401    0.781    0.758
    393       3   62.947    9.190    0.803    0.760
    394       5   62.749   -3.301    0.792    0.746
    395       5   62.598   -2.516    0.784    0.752
    396       4   62.544   -0.897    0.780    0.758
    397       5   62.582    0.629    0.779    0.761
    398       6   62.885    5.059    0.790    0.761
    399       5   62.826   -0.990    0.786    0.754
    400       5   62.765   -1.017    0.781    0.756
    401       5   62.948    3.051    0.787    0.759
    402       5   62.726   -3.694    0.776    0.756
    403       6   62.872    2.427    0.780    0.763
    404       4   63.182    5.175    0.791    0.760
    405       6   62.885   -4.952    0.776    0.753
    406       4   63.202    5.287    0.787    0.763
    407       6   62.955   -4.127    0.775    0.755
    408       4   62.893   -1.026    0.771    0.763
    409       6   63.276    6.380    0.785    0.766
    410       6   63.019   -4.283    0.772    0.757
    411       6   62.990   -0.491    0.769    0.765
    412       5   63.243    4.229    0.778    0.767
    413       3   63.043   -3.337    0.768    0.761
    414       6   63.043    0.000    0.766    0.769
    415       6   63.239    3.257    0.772    0.770
    416       6   63.150   -1.472    0.766    0.766
    417       5   63.513    6.050    0.779    0.769
    418       6   63.212   -5.023    0.765    0.760
    419       4   63.271    0.981    0.766    0.770
    420       6   63.402    2.186    0.769    0.770
    421       5   63.622    3.676    0.776    0.767
    422       6   63.413   -3.498    0.766    0.762
    423       5   63.375   -0.625    0.763    0.770
    424       5   63.401    0.428    0.762    0.772
    425       3   63.472    1.178    0.763    0.773
    426       5   63.439   -0.535    0.760    0.772
    427       5   63.433   -0.107    0.758    0.775
    428       4   63.431   -0.027    0.756    0.776
    429       5   63.516    1.419    0.757    0.778
    430       5   63.732    3.587    0.764    0.776
    431       5   63.728   -0.054    0.762    0.771
    432       5   63.700   -0.482    0.759    0.773
    433       5   63.831    2.195    0.763    0.775
    434       5   63.905    1.231    0.764    0.773
    435       5   64.098    3.212    0.769    0.772
    436       5   64.181    1.392    0.771    0.767
    437       4   64.299    1.954    0.773    0.766
    438       5   64.397    1.633    0.775    0.764
    439       4   64.427    0.509    0.775    0.762
    440       4   64.407   -0.335    0.772    0.763
    441       4   64.451    0.736    0.772    0.765
    442       4   64.395   -0.937    0.768    0.765
    443       5   64.522    2.114    0.771    0.768
    444       6   64.711    3.150    0.777    0.766
    445       4   65.021    5.175    0.787    0.761
    446       4   64.692   -5.487    0.773    0.753
    447       5   64.715    0.375    0.772    0.765
    448       5   64.866    2.516    0.776    0.765
    449       5   65.033    2.784    0.780    0.762
    450       6   64.909   -2.061    0.774    0.758
    451       4   64.893   -0.268    0.771    0.764
    452       6   64.871   -0.357    0.769    0.766
    453       5   65.129    4.292    0.777    0.768
    454       3   65.088   -0.678    0.773    0.761
    455       5   65.209    2.017    0.776    0.764
    456       5   65.299    1.499    0.778    0.761
    457       5   65.299    0.000    0.776    0.760
    458       4   65.290   -0.147    0.774    0.761
    459       6   65.380    1.494    0.776    0.763
    460       6   65.471    1.517    0.777    0.762
    461       5   65.502    0.509    0.777    0.760
    462       5   66.292   13.170    0.804    0.761
    463       5   65.935   -5.943    0.789    0.737
    464       5   65.945    0.161    0.788    0.750
    465       5   66.115    2.837    0.792    0.751
    466       4   66.041   -1.231    0.788    0.747
    467       5   66.202    2.677    0.792    0.751
    468       5   66.218    0.268    0.791    0.747
    469       5   66.183   -0.589    0.788    0.748
    470       5   66.285    1.713    0.790    0.751
    471       5   66.289    0.054    0.788    0.749
    472       6   66.360    1.187    0.789    0.750
    473       5   66.501    2.347    0.792    0.749
    474       6   66.496   -0.072    0.790    0.746
    475       6   66.585    1.472    0.792    0.748
    476       6   66.609    0.401    0.791    0.746
    477       4   66.816    3.457    0.797    0.747
    478       4   66.772   -0.736    0.793    0.742
    479       5   66.809    0.616    0.793    0.745
    480       5   66.799   -0.161    0.791    0.745
    481       4   66.864    1.084    0.792    0.747
    482       5   66.860   -0.067    0.790    0.746
    483       4   67.029    2.811    0.794    0.748
    484       5   66.963   -1.097    0.790    0.744
    485       5   67.063    1.660    0.792    0.747
    486       3   67.315    4.211    0.799    0.745
    487       6   67.125   -3.168    0.791    0.739
    488       6   67.053   -1.204    0.787    0.746
    489       5   67.101    0.803    0.787    0.750
    490       5   67.111    0.161    0.785    0.750
    491       6   67.088   -0.384    0.783    0.751
    492       5   67.316    3.810    0.789    0.754
    493       6   67.235   -1.356    0.785    0.747
    494       4   67.451    3.591    0.791    0.752
    495       5   67.573    2.048    0.793    0.746
    496       4   67.627    0.897    0.793    0.743
    497       4   67.499   -2.141    0.787    0.743
    498       6   67.626    2.119    0.790    0.749
    499       6   67.679    0.892    0.790    0.746
    500       4   67.555   -2.074    0.785    0.746
    501       5   67.561    0.094    0.783    0.752
    502       4   67.623    1.044    0.784    0.753
    503       5   67.712    1.472    0.785    0.752
    504       4   67.551   -2.677    0.778    0.751
    505       5   67.718    2.784    0.782    0.758
    506       6   67.712   -0.107    0.780    0.754
    507       5   67.708   -0.054    0.779    0.755
    508       4   67.728    0.321    0.778    0.757
    509       6   67.816    1.472    0.779    0.758
    510       5   67.712   -1.740    0.774    0.757
    511       6   67.784    1.205    0.775    0.762
    512       4   67.836    0.870    0.775    0.761
    513       4   67.924    1.472    0.777    0.761
    514       6   68.054    2.164    0.779    0.759
    515       5   68.119    1.089    0.780    0.756
    516       4   67.985   -2.249    0.774    0.755
    517       5   68.203    3.640    0.780    0.762
    518       5   68.033   -2.837    0.773    0.756
    519       4   67.973   -1.004    0.769    0.763
    520       4   68.041    1.138    0.770    0.767
    521       4   68.233    3.212    0.775    0.766
    522       6   68.161   -1.205    0.771    0.761
    523       6   68.244    1.383    0.772    0.765
    524       6   68.156   -1.472    0.768    0.764
    525       5   68.203    0.785    0.768    0.769
    526       3   68.140   -1.053    0.764    0.769
    527       5   68.303    2.713    0.768    0.773
    528       5   68.380    1.285    0.769    0.768
    529       5   68.389    0.160    0.768    0.767
    530       5   68.450    1.017    0.768    0.769
    531       6   68.528    1.294    0.769    0.768
    532       5   68.694    2.775    0.773    0.767
    533       5   68.608   -1.446    0.769    0.763
    534       4   68.511   -1.619    0.764    0.767
    535       5   68.543    0.549    0.764    0.773
    536       5   68.556    0.214    0.763    0.773
    537       4   68.655    1.646    0.765    0.774
    538       5   68.598   -0.950    0.761    0.772
    539       5   68.585   -0.214    0.760    0.776
    540       5   68.624    0.643    0.759    0.778
    541       6   68.576   -0.794    0.756    0.779
    542       5   68.739    2.721    0.760    0.782
    543       6   68.699   -0.669    0.757    0.778
    544       4   68.699    0.000    0.756    0.781
    545       5   68.723    0.402    0.755    0.783
    546       6   68.777    0.892    0.756    0.784
    547       4   68.671   -1.762    0.751    0.783
    548       5   68.871    3.333    0.756    0.789
    549       5   68.996    2.088    0.758    0.783
    550       6   68.846   -2.498    0.752    0.781
    551       5   68.890    0.732    0.752    0.788
    552       6   68.908    0.295    0.751    0.788
    553       3   68.863   -0.758    0.749    0.789
    554       5   68.749   -1.891    0.744    0.793
    555       5   68.833    1.392    0.745    0.799
    556       6   68.881    0.812    0.745    0.798
    557       5   68.977    1.597    0.747    0.797
    558       5   69.083    1.767    0.749    0.796
    559       4   68.928   -2.583    0.743    0.793
    560       5   68.948    0.335    0.742    0.801
    561       5   68.987    0.642    0.742    0.802
    562       4   69.735   12.474    0.763    0.803
    563       5   69.179   -9.261    0.745    0.775
    564       4   69.061   -1.981    0.740    0.799
    565       5   69.131    1.178    0.741    0.805
    566       4   69.281    2.503    0.744    0.805
    567       5   69.073   -3.466    0.736    0.801
    568       4   69.245    2.864    0.740    0.811
    569       5   69.128   -1.954    0.735    0.806
    570       5   69.321    3.212    0.740    0.812
    571       6   69.371    0.839    0.740    0.807
    572       5   69.208   -2.713    0.734    0.807
    573       4   69.334    2.088    0.736    0.815
    574       6   69.229   -1.740    0.732    0.812
    575       5   69.485    4.256    0.738    0.818
    576       6   69.401   -1.401    0.734    0.810
    577       4   69.430    0.491    0.734    0.815
    578       6   69.307   -2.052    0.729    0.816
    579       4   69.550    4.060    0.735    0.823
    580       6   69.160   -6.514    0.722    0.815
    581       6   69.146   -0.223    0.721    0.833
    582       4   69.253    1.784    0.723    0.835
    583       5   69.681    7.120    0.734    0.833
    584       5   69.957    4.604    0.740    0.818
    585       4   69.695   -4.363    0.731    0.808
    586       5   69.864    2.811    0.735    0.821
    587       6   69.869    0.089    0.734    0.816
    588       5   69.982    1.892    0.736    0.818
    589       5   70.037    0.910    0.736    0.815
    590       4   69.972   -1.084    0.733    0.815
    591       4   70.076    1.740    0.735    0.820
    592       4   70.189    1.874    0.737    0.817
    593       4   70.145   -0.736    0.734    0.815
    594       5   70.178    0.562    0.734    0.819
    595       5   70.304    2.088    0.736    0.819
    596       4   70.173   -2.181    0.731    0.816
    597       6   70.246    1.227    0.732    0.824
    598       4   70.357    1.851    0.734    0.823
    599       4   70.763    6.759    0.744    0.820
    600       5   70.304   -7.656    0.730    0.805
    601       4   70.269   -0.576    0.728    0.827
    602       6   70.335    1.093    0.728    0.830
    603       4   70.386    0.848    0.729    0.830
    604       4   70.859    7.896    0.741    0.829
    605       5   70.529   -5.514    0.730    0.811
    606       5   70.509   -0.321    0.728    0.828
    607       6   70.677    2.802    0.732    0.831
    608       4   70.900    3.703    0.737    0.825
    609       4   70.879   -0.335    0.735    0.818
    610       5   71.004    2.075    0.737    0.821
    611       6   70.862   -2.365    0.732    0.818
    612       5   70.859   -0.045    0.731    0.826
    613       5   71.097    3.962    0.736    0.828
    614       5   70.962   -2.249    0.731    0.820
    615       4   70.996    0.562    0.731    0.828
    616       5   71.039    0.723    0.731    0.829
    617       6   71.079    0.660    0.731    0.829
    618       5   71.010   -1.142    0.728    0.830
    619       4   71.148    2.302    0.730    0.835
    620       5   71.181    0.535    0.730    0.831
    621       4   71.233    0.870    0.730    0.832
    622       5   71.287    0.897    0.731    0.832
    623       4   71.361    1.245    0.731    0.831
    624       6   71.355   -0.112    0.730    0.830
    625       6   71.269   -1.427    0.727    0.833
    626       5   71.367    1.633    0.728    0.839
    627       5   71.412    0.749    0.728    0.837
    628       5   71.563    2.516    0.731    0.837
    629       4   71.482   -1.352    0.728    0.833
    630       5   71.508    0.442    0.727    0.839
    631       5   71.608    1.660    0.729    0.840
    632       4   71.831    3.721    0.733    0.837
    633       4   71.646   -3.078    0.727    0.829
    634       5   71.688    0.696    0.727    0.840
    635       5   71.666   -0.375    0.726    0.841
    636       6   71.740    1.240    0.726    0.844
    637       4   71.747    0.112    0.725    0.843
    638       4   72.084    5.621    0.733    0.845
    639       5   71.897   -3.119    0.727    0.832
    640       5   71.881   -0.268    0.725    0.843
    641       5   71.897    0.268    0.725    0.846
    642       6   72.005    1.802    0.726    0.848
    643       6   72.128    2.052    0.729    0.845
    644       3   72.139    0.178    0.728    0.841
    645       5   72.767   10.475    0.743    0.843
    646       5   72.700   -1.124    0.740    0.815
    647       5   72.379   -5.354    0.730    0.821
    648       6   72.388    0.152    0.730    0.839
    649       5   72.459    1.187    0.730    0.841
    650       5   72.469    0.161    0.729    0.840
    651       5   72.523    0.910    0.730    0.842
    652       5   72.594    1.178    0.730    0.842
    653       4   72.642    0.803    0.730    0.841
    654       5   72.819    2.945    0.734    0.841
    655       5   72.787   -0.536    0.732    0.835
    656       3   72.958    2.855    0.735    0.839
    657       5   72.819   -2.320    0.730    0.833
    658       4   72.835    0.268    0.730    0.842
    659       3   72.867    0.535    0.729    0.844
    660       6   72.931    1.071    0.730    0.845
    661       5   72.848   -1.392    0.727    0.844
    662       5   73.024    2.944    0.730    0.851
    663       5   73.034    0.161    0.729    0.845
    664       4   73.076    0.696    0.729    0.847
    665       6   73.898   13.696    0.749    0.847
    666       6   73.788   -1.829    0.745    0.808
    667       5   73.301   -8.119    0.732    0.816
    668       6   73.314    0.223    0.731    0.843
    669       6   73.485    2.855    0.734    0.845
    670       3   73.429   -0.937    0.732    0.839
    671       6   73.563    2.231    0.734    0.845
    672       5   73.583    0.339    0.733    0.840
    673       5   73.583    0.000    0.732    0.842
    674       5   73.635    0.857    0.732    0.844
    675       6   73.622   -0.214    0.731    0.844
    676       4   73.730    1.807    0.732    0.848
    677       6   73.756    0.424    0.732    0.845
    678       4   73.750   -0.089    0.731    0.846
    679       4   74.067    5.287    0.737    0.849
    680       6   73.774   -4.885    0.729    0.835
    681       5   73.798    0.402    0.729    0.853
    682       3   73.772   -0.446    0.727    0.855
    683       6   73.750   -0.357    0.725    0.859
    684       6   73.694   -0.937    0.723    0.863
    685       4   73.666   -0.468    0.721    0.869
    686       6   73.798    2.208    0.723    0.873
    687       4   73.831    0.535    0.723    0.869
    688       6   73.983    2.543    0.726    0.870
    689       5   74.036    0.883    0.726    0.864
    690       5   73.927   -1.820    0.722    0.864
    691       4   73.915   -0.201    0.721    0.873
    692       5   73.888   -0.442    0.719    0.877
    693       5   73.982    1.553    0.721    0.881
    694       5   73.940   -0.696    0.718    0.879
    695       6   73.951    0.187    0.718    0.884
    696       5   74.020    1.151    0.718    0.887
    697       4   74.059    0.656    0.718    0.886
    698       4   74.124    1.071    0.719    0.886
    699       5   74.235    1.860    0.720    0.886
    700       4   74.312    1.285    0.721    0.882
    701       5   74.370    0.964    0.722    0.881
    702       5   74.460    1.499    0.723    0.881
    703       3   74.334   -2.106    0.719    0.879
    704       5   74.399    1.088    0.719    0.889
    705       5   74.377   -0.375    0.718    0.888
    706       4   74.634    4.283    0.723    0.893
    707       5   74.451   -3.052    0.717    0.881
    708       4   74.517    1.111    0.718    0.895
    709       6   74.465   -0.870    0.716    0.894
    710       5   74.473    0.134    0.715    0.900
    711       5   74.557    1.392    0.716    0.903
    712       5   74.582    0.428    0.715    0.901
    713       5   74.582    0.000    0.714    0.903
    714       5   74.624    0.696    0.714    0.906
    715       5   74.740    1.927    0.716    0.907
    716       5   74.749    0.161    0.715    0.903
    717       4   74.778    0.482    0.715    0.906
    718       4   74.834    0.937    0.715    0.907
    719       5   75.144    5.166    0.721    0.907
    720       5   74.785   -5.996    0.712    0.892
    721       6   74.826    0.696    0.712    0.917
    722       6   74.907    1.338    0.713    0.918
    723       4   75.099    3.212    0.716    0.916
    724       4   75.083   -0.268    0.715    0.908
    725       6   75.016   -1.115    0.712    0.912
    726       5   75.077    1.008    0.713    0.920
    727       6   75.142    1.088    0.713    0.919
    728       6   75.619    7.941    0.723    0.919
    729       5   75.141   -7.959    0.711    0.892
    730       5   75.193    0.856    0.712    0.926
    731       4   75.192   -0.013    0.711    0.926
    732       4   75.493    5.019    0.717    0.930
    733       5   75.231   -4.363    0.710    0.914
    734       5   75.886   10.921    0.724    0.934
    735       4   75.236  -10.841    0.708    0.896
    736       5   75.366    2.168    0.710    0.941
    737       4   75.421    0.910    0.710    0.937
    738       6   75.415   -0.089    0.709    0.937
    739       5   75.494    1.321    0.710    0.941
    740       5   75.575    1.338    0.711    0.939
    741       6   75.605    0.509    0.710    0.938
    742       5   75.739    2.222    0.712    0.939
    743       5   75.719   -0.321    0.711    0.934
    744       4   75.794    1.245    0.712    0.939
    745       4   75.806    0.201    0.711    0.938
    746       6   75.916    1.829    0.713    0.941
    747       6   75.945    0.491    0.712    0.937
    748       6   76.018    1.205    0.713    0.939
    749       5   76.147    2.150    0.715    0.938
    750       4   76.171    0.415    0.714    0.933
    751       6   76.149   -0.379    0.713    0.935
    752       4   76.188    0.647    0.713    0.941
    753       5   76.201    0.227    0.712    0.942
    754       4   76.212    0.174    0.711    0.945
    755       5   76.298    1.432    0.712    0.948
    756       5   76.371    1.232    0.713    0.946
    757       5   76.355   -0.268    0.712    0.945
    758       6   76.510    2.579    0.714    0.950
    759       6   76.459   -0.848    0.712    0.943
    760       4   76.489    0.491    0.712    0.951
    761       4   76.477   -0.201    0.711    0.953
    762       4   76.577    1.673    0.712    0.958
    763       5   76.744    2.784    0.715    0.955
    764       5   76.657   -1.446    0.712    0.947
    765       4   76.854    3.279    0.715    0.957
    766       5   76.689   -2.744    0.711    0.947
    767       5   76.664   -0.428    0.709    0.963
    768       4   76.806    2.369    0.711    0.970
    769       5   76.731   -1.245    0.709    0.963
    770       5   76.908    2.944    0.712    0.973
    771       4   77.147    3.988    0.716    0.964
    772       5   77.724    9.609    0.728    0.951
    773       6   76.989  -12.242    0.711    0.911
    774       6   76.968   -0.357    0.709    0.971
    775       6   77.005    0.625    0.709    0.978
    776       4   77.019    0.223    0.709    0.979
    777       6   77.013   -0.089    0.708    0.983
    778       4   78.432   23.645    0.737    0.988
    779       6   77.361  -17.845    0.713    0.881
    780       6   77.139   -3.703    0.708    0.970
    781       5   77.197    0.964    0.708    0.992
    782       5   77.338    2.355    0.710    0.992
    783       4   77.252   -1.446    0.707    0.985
    784       6   77.254    0.045    0.706    0.997
    785       5   77.142   -1.865    0.703    1.002
    786       5   77.341    3.319    0.706    1.016
    787       5   77.377    0.589    0.706    1.004
    788       6   77.474    1.615    0.707    1.006
    789       5   77.428   -0.758    0.706    1.003
    790       5   77.422   -0.107    0.705    1.012
    791       5   77.483    1.017    0.705    1.018
    792       4   77.561    1.298    0.706    1.018
    793       4   77.593    0.535    0.706    1.016
    794       3   77.492   -1.673    0.703    1.019
    795       4   77.521    0.468    0.702    1.032
    796       3   77.803    4.707    0.707    1.035
    797       5   77.804    0.018    0.706    1.016
    798       5   77.791   -0.214    0.705    1.022
    799       5   77.971    2.998    0.708    1.028
    800       5   77.865   -1.767    0.705    1.018
    801       5   77.987    2.034    0.707    1.032
    802       4   77.962   -0.415    0.705    1.027
    803       4   77.958   -0.067    0.704    1.035
    804       5   78.016    0.964    0.705    1.041
    805       5   78.109    1.553    0.706    1.041
    806       4   78.119    0.161    0.705    1.038
    807       5   78.241    2.034    0.707    1.043
    808       6   78.194   -0.785    0.705    1.038
    809       4   78.227    0.558    0.705    1.048
    810       4   78.275    0.803    0.705    1.050
    811       6   78.381    1.762    0.706    1.052
    812       4   78.404    0.379    0.706    1.048
    813       5   78.588    3.065    0.709    1.051
    814       5   78.350   -3.962    0.703    1.040
    815       4   78.520    2.837    0.705    1.068
    816       4   78.456   -1.071    0.703    1.058
    817       6   78.700    4.060    0.707    1.070
    818       5   78.803    1.722    0.709    1.053
    819       4   78.914    1.847    0.710    1.049
    820       5   78.973    0.990    0.710    1.045
    821       5   79.076    1.713    0.712    1.045
    822       5   79.404    5.461    0.717    1.041
    823       5   79.327   -1.285    0.715    1.015
    824       5   79.452    2.088    0.717    1.029
    825       4   79.645    3.212    0.720    1.022
    826       6   79.645    0.000    0.719    1.009
    827       5   79.693    0.803    0.719    1.015
    828       4   79.749    0.937    0.719    1.017
    829       4   79.853    1.740    0.720    1.017
    830       5   80.281    7.120    0.728    1.013
    831       4   80.042   -3.975    0.722    0.975
    832       4   80.187    2.409    0.724    1.006
    833       6   80.271    1.405    0.725    0.997
    834       5   80.432    2.677    0.728    0.994
    835       4   80.295   -2.275    0.724    0.983
    836       5   80.460    2.757    0.726    1.004
    837       4   80.415   -0.750    0.725    0.993
    838       6   80.496    1.338    0.725    1.004
    839       5   80.663    2.784    0.728    1.002
    840       5   80.660   -0.054    0.727    0.990
    841       4   80.761    1.686    0.728    0.997
    842       6   80.820    0.981    0.728    0.993
    843       6   80.903    1.383    0.729    0.993
    844       5   81.032    2.159    0.731    0.990
    845       5   81.080    0.803    0.731    0.982
    846       5   81.148    1.124    0.731    0.983
    847       6   81.095   -0.874    0.729    0.983
    848       5   81.183    1.463    0.730    0.995
    849       5   81.235    0.857    0.731    0.992
    850       4   81.287    0.870    0.731    0.993
    851       6   81.363    1.271    0.731    0.994
    852       4   81.162   -3.346    0.727    0.992
    853       4   81.178    0.268    0.726    1.023
    854       5   81.186    0.134    0.725    1.029
    855       5   81.299    1.874    0.727    1.035
    856       4   81.158   -2.342    0.723    1.029
    857       4   81.347    3.145    0.726    1.054
    858       6   81.326   -0.357    0.725    1.038
    859       4   81.194   -2.186    0.721    1.049
    860       6   81.200    0.089    0.720    1.073
    861       4   81.359    2.654    0.723    1.081
    862       4   81.411    0.870    0.723    1.069
    863       4   81.431    0.335    0.722    1.070
    864       5   81.559    2.128    0.724    1.076
    865       5   81.607    0.803    0.724    1.068
    866       5   81.835    3.801    0.728    1.070
    867       5   81.610   -3.747    0.723    1.048
    868       4   81.781    2.837    0.725    1.087
    869       5   81.646   -2.249    0.722    1.073
    870       6   81.740    1.579    0.723    1.100
    871       6   81.845    1.740    0.724    1.096
    872       6   81.898    0.892    0.724    1.090
    873       6   82.067    2.811    0.726    1.092
    874       4   83.451   23.065    0.752    1.078
    875       5   82.288  -19.380    0.729    0.890
    876       5   82.205   -1.392    0.726    1.064
    877       5   82.275    1.178    0.727    1.086
    878       5   82.352    1.285    0.728    1.085
    879       4   82.491    2.315    0.729    1.083
    880       5   82.606    1.914    0.731    1.072
    881       6   82.626    0.339    0.730    1.065
    882       6   82.696    1.160    0.731    1.071
    883       5   82.638   -0.964    0.729    1.070
    884       5   82.911    4.550    0.733    1.089
    885       5   82.995    1.392    0.734    1.057
    886       5   83.136    2.356    0.736    1.054
    887       4   83.206    1.164    0.736    1.041
    888       4   83.282    1.271    0.737    1.040
    889       4   83.322    0.669    0.737    1.038
    890       5   83.608    4.765    0.741    1.041
    891       5   83.991    6.371    0.748    1.005
    892       5   83.775   -3.587    0.743    0.951
    893       5   83.955    2.998    0.745    0.997
    894       5   84.045    1.499    0.746    0.976
    895       5   84.097    0.857    0.746    0.971
    896       6   84.158    1.017    0.747    0.972
    897       6   84.262    1.740    0.748    0.972
    898       6   84.302    0.669    0.748    0.963
    899       5   84.334    0.535    0.747    0.967
    900       5   84.344    0.161    0.747    0.971
    901       4   84.342   -0.027    0.746    0.980
    902       6   84.463    2.008    0.747    0.991
    903       4   84.467    0.067    0.746    0.980
    904       5   84.598    2.182    0.748    0.990
    905       5   84.768    2.837    0.750    0.977
    906       5   84.893    2.088    0.752    0.955
    907       4   84.832   -1.017    0.750    0.942
    908       5   84.916    1.392    0.751    0.965
    909       5   84.967    0.857    0.751    0.960
    910       5   85.002    0.589    0.751    0.961
    911       6   85.025    0.375    0.750    0.966
    912       4   85.133    1.807    0.751    0.973
    913       3   85.062   -1.182    0.749    0.963
    914       4   85.161    1.651    0.750    0.990
    915       4   85.266    1.740    0.751    0.981
    916       4   85.434    2.811    0.754    0.972
    917       5   85.455    0.348    0.753    0.947
    918       6   85.493    0.633    0.753    0.955
    919       5   85.564    1.187    0.753    0.959
    920       4   85.683    1.981    0.755    0.956
    921       5   85.793    1.820    0.756    0.942
    922       6   85.769   -0.393    0.755    0.929
    923       6   85.788    0.312    0.754    0.949
    924       5   85.927    2.329    0.756    0.958
    925       6   85.951    0.393    0.755    0.937
    926       4   85.912   -0.647    0.754    0.946
    927       5   86.066    2.556    0.756    0.970
    928       6   86.227    2.686    0.758    0.945
    929       5   86.252    0.419    0.758    0.918
    930       5   86.374    2.034    0.759    0.926
    931       6   86.438    1.071    0.759    0.908
    932       6   86.433   -0.089    0.758    0.905
    933       5   86.406   -0.446    0.757    0.922
    934       4   86.394   -0.201    0.756    0.945
    935       6   86.492    1.628    0.757    0.965
    936       4   86.731    3.993    0.761    0.954
    937       5   86.849    1.967    0.762    0.898
    938       5   87.077    3.801    0.765    0.879
    939       6   87.206    2.150    0.767    0.823
    940       6   87.316    1.829    0.768    0.798
    941       5   87.373    0.946    0.768    0.778
    942       6   87.453    1.329    0.768    0.774
    943       6   87.530    1.294    0.769    0.763
    944       6   87.643    1.874    0.770    0.752
    945       5   87.501   -2.356    0.767    0.728
    946       6   87.509    0.125    0.766    0.795
    947       5   87.582    1.214    0.767    0.810
    948       4   87.623    0.682    0.767    0.801
    949       5   87.701    1.298    0.767    0.804
    950       6   87.616   -1.410    0.765    0.792
    951       4   87.591   -0.424    0.764    0.845
    952       4   87.687    1.606    0.764    0.877
    953       5   87.646   -0.683    0.763    0.859
    954       5   87.765    1.981    0.764    0.899
    955       4   87.755   -0.161    0.763    0.870
    956       4   87.562   -3.212    0.759    0.898
    957       5   87.479   -1.392    0.757    1.016
    958       6   87.402   -1.285    0.755    1.087
    959       5   87.582    2.998    0.757    1.159
    960       4   87.587    0.080    0.756    1.101
    961       5   87.681    1.579    0.757    1.134
    962       5   87.774    1.553    0.758    1.119
    963       5   88.144    6.156    0.764    1.104
    964       5   88.099   -0.749    0.762    0.924
    965       5   88.507    6.799    0.768    0.986
    966       5   88.536    0.482    0.768    0.762
    967       6   88.529   -0.116    0.767    0.773
    968       5   88.581    0.865    0.767    0.810
    969       6   88.689    1.811    0.768    0.808
    970       6   88.893    3.391    0.771    0.762
    971       5   88.902    0.152    0.770    0.637
    972       5   88.937    0.589    0.770    0.662
    973       5   88.969    0.535    0.770    0.665
    974       4   88.815   -2.570    0.767    0.673
    975       5   88.812   -0.054    0.766    0.863
    976       4   88.940    2.128    0.767    0.921
    977       5   89.008    1.138    0.767    0.840
    978       4   89.233    3.747    0.770    0.819
    979       6   89.246    0.223    0.770    0.594
    980       6   89.211   -0.580    0.769    0.625
    981       4   89.128   -1.383    0.766    0.734
    982       5   89.181    0.883    0.766    0.946
    983       6   89.182    0.009    0.766    0.953
    984       6   89.118   -1.071    0.764    1.071
    985       5   89.551    7.218    0.770    1.377
    986       6   89.447   -1.731    0.768    0.403
    987       5   89.445   -0.036    0.767    0.830
    988       3   89.565    1.999    0.768    1.046
    989       5   89.589    0.410    0.768    0.729
    990       6   89.685    1.597    0.769    0.888
    991       6   89.696    0.179    0.768    0.179
