  Minute   Ndata_cl   W[kg] Qs[g/s] Qcmforw[g/s] Qcmback[g/s]
      1       4   93.629 -999.000 -999.000 -999.000
      2       4   93.661    0.535    0.535    0.412
      3       4   93.866    3.413    1.974    0.407
      4       4   93.461   -6.759   -0.937    0.282
      5       5   93.585    2.075   -0.184    0.588
      6       4   93.557   -0.469   -0.241    0.521
      7       5   93.688    2.182    0.163    0.568
      8       4   93.838    2.503    0.497    0.487
      9       4   93.922    1.405    0.611    0.381
     10       5   93.537   -6.424   -0.171    0.324
     11       5   93.553    0.268   -0.127    0.721
     12       4   94.147    9.904    0.785    0.749
     13       4   93.898   -4.149    0.374    0.139
     14       3   93.756   -2.364    0.163    0.445
     15       3   93.783    0.446    0.183    0.662
     16       4   93.798    0.245    0.187    0.680
     17       4   93.673   -2.074    0.046    0.719
     18       4   93.834    2.677    0.201    0.998
     19       3   93.740   -1.562    0.103    0.812
     20       4   93.854    1.896    0.197    1.109
     21       4   93.814   -0.669    0.154    0.996
     22       4   93.818    0.067    0.150    1.274
     23       4   93.770   -0.803    0.106    1.515
     24       4   93.830    1.004    0.145    2.095
     25       4   94.011    3.011    0.265    2.458
     26       5   94.089    1.312    0.307    2.182
     27       5   94.273    3.052    0.412    3.052
