  Minute   Ndata_cl   W[kg] Qs[g/s] Qcmforw[g/s] Qcmback[g/s]
      1       4   28.640 -999.000 -999.000 -999.000
      2       6   29.051    6.848    6.848    0.501
      3       6   28.957   -1.561    2.643    0.489
      4       6   28.524   -7.227   -0.647    0.493
      5       4   28.813    4.818    0.719    0.509
      6       5   28.206  -10.118   -1.448    0.500
      7       5   28.064   -2.356   -1.599    0.521
      8       4   28.439    6.250   -0.478    0.527
      9       5   28.231   -3.466   -0.852    0.516
     10       5   28.222   -0.161   -0.775    0.524
     11       4   28.138   -1.392   -0.836    0.525
     12       6   28.168    0.491   -0.716    0.529
     13       4   28.194    0.446   -0.619    0.529
     14       5   28.238    0.723   -0.516    0.529
     15       4   28.142   -1.593   -0.593    0.529
     16       5   28.087   -0.923   -0.615    0.533
     17       5   28.096    0.161   -0.566    0.536
     18       4   27.889   -3.453   -0.736    0.537
     19       6   27.903    0.223   -0.683    0.546
     20       5   27.856   -0.785   -0.688    0.546
     21       5   27.865    0.161   -0.646    0.549
     22       4   27.917    0.870   -0.574    0.550
     23       5   27.859   -0.977   -0.592    0.549
     24       6   27.929    1.178   -0.515    0.552
     25       6   27.854   -1.249   -0.546    0.551
     26       6   28.069    3.569   -0.381    0.555
     27       5   27.807   -4.354   -0.534    0.549
     28       6   27.755   -0.865   -0.546    0.559
     29       5   27.682   -1.222   -0.570    0.562
     30       6   27.622   -1.008   -0.585    0.566
     31       4   27.693    1.182   -0.526    0.569
     32       6   27.646   -0.781   -0.535    0.568
     33       4   27.604   -0.691   -0.540    0.571
     34       5   27.544   -1.004   -0.554    0.574
     35       4   27.556    0.201   -0.531    0.577
     36       6   27.568    0.201   -0.510    0.578
     37       4   27.552   -0.268   -0.504    0.579
     38       6   27.549   -0.045   -0.491    0.581
     39       5   27.634    1.410   -0.441    0.582
     40       3   28.004    6.174   -0.272    0.580
     41       6   27.568   -7.272   -0.447    0.568
     42       4   27.660    1.539   -0.398    0.585
     43       5   27.743    1.379   -0.356    0.583
     44       3   27.496   -4.122   -0.444    0.581
     45       5   27.457   -0.642   -0.448    0.592
     46       3   27.474    0.286   -0.432    0.594
     47       5   27.541    1.106   -0.398    0.595
     48       5   27.486   -0.910   -0.409    0.594
     49       5   27.534    0.803   -0.384    0.597
     50       4   27.648    1.900   -0.337    0.597
     51       4   27.492   -2.610   -0.383    0.594
     52       4   27.516    0.402   -0.367    0.601
     53       4   27.668    2.543   -0.311    0.602
     54       6   27.528   -2.342   -0.350    0.597
     55       4   27.592    1.071   -0.323    0.604
     56       5   27.441   -2.516   -0.363    0.603
     57       5   27.692    4.176   -0.282    0.610
     58       6   27.563   -2.150   -0.315    0.602
     59       5   27.640    1.294   -0.287    0.608
     60       5   27.566   -1.231   -0.303    0.606
     61       5   27.525   -0.696   -0.310    0.611
     62       5   27.505   -0.321   -0.310    0.614
     63       6   27.614    1.802   -0.276    0.616
     64       5   27.525   -1.481   -0.295    0.613
     65       5   27.637    1.874   -0.261    0.618
     66       4   27.709    1.191   -0.239    0.615
     67       5   27.772    1.057   -0.219    0.614
     68       4   27.688   -1.392   -0.237    0.613
     69       3   27.651   -0.625   -0.242    0.617
     70       4   27.705    0.892   -0.226    0.620
     71       4   27.660   -0.736   -0.233    0.620
     72       4   27.672    0.201   -0.227    0.623
     73       6   27.680    0.134   -0.222    0.624
     74       4   27.998    5.287   -0.147    0.625
     75       5   27.660   -5.635   -0.221    0.614
     76       4   27.656   -0.054   -0.219    0.629
     77       3   27.630   -0.446   -0.222    0.630
     78       4   27.701    1.182   -0.203    0.633
     79       6   28.264    9.391   -0.080    0.632
     80       6   27.779   -8.075   -0.182    0.611
     81       5   27.544   -3.926   -0.228    0.632
     82       4   27.688    2.409   -0.196    0.643
     83       5   27.663   -0.428   -0.199    0.638
     84       5   27.666    0.054   -0.196    0.641
     85       5   27.666    0.000   -0.193    0.642
     86       4   27.628   -0.629   -0.198    0.644
     87       6   27.785    2.610   -0.166    0.647
     88       4   27.705   -1.338   -0.179    0.642
     89       5   27.656   -0.803   -0.186    0.647
     90       4   27.684    0.468   -0.179    0.651
     91       5   27.782    1.619   -0.159    0.651
     92       5   27.820    0.642   -0.150    0.649
     93       6   27.790   -0.500   -0.154    0.649
     94       6   27.841    0.848   -0.143    0.651
     95       5   27.769   -1.205   -0.154    0.651
     96       4   27.829    1.004   -0.142    0.656
     97       3   27.779   -0.825   -0.149    0.655
     98       5   27.833    0.892   -0.139    0.658
     99       4   27.958    2.075   -0.116    0.658
    100       5   27.894   -1.057   -0.126    0.654
    101       5   27.949    0.910   -0.115    0.659
    102       4   27.821   -2.128   -0.135    0.658
    103       4   27.897    1.271   -0.121    0.665
    104       5   27.974    1.285   -0.108    0.664
    105       6   27.996    0.366   -0.103    0.662
    106       6   28.130    2.231   -0.081    0.663
    107       6   28.082   -0.803   -0.088    0.659
    108       4   28.106    0.401   -0.083    0.662
    109       4   28.287    3.011   -0.055    0.663
    110       6   28.457    2.833   -0.028    0.657
    111       6   28.376   -1.338   -0.040    0.651
    112       4   28.467    1.517   -0.026    0.657
    113       5   28.424   -0.723   -0.032    0.654
    114       4   28.423   -0.013   -0.032    0.658
    115       6   28.722    4.974    0.012    0.660
    116       4   28.753    0.513    0.016    0.648
    117       4   28.781    0.468    0.020    0.649
    118       5   28.755   -0.428    0.016    0.649
    119       6   28.735   -0.330    0.013    0.652
    120       6   28.794    0.981    0.022    0.655
    121       6   28.794    0.000    0.021    0.654
    122       5   28.758   -0.598    0.016    0.656
    123       5   28.871    1.874    0.031    0.659
    124       5   28.883    0.214    0.033    0.656
    125       5   28.867   -0.268    0.031    0.657
    126       4   28.897    0.495    0.034    0.659
    127       4   28.977    1.338    0.045    0.660
    128       4   28.989    0.201    0.046    0.658
    129       6   29.402    6.870    0.099    0.659
    130       6   29.187   -3.569    0.071    0.642
    131       4   29.608    7.004    0.124    0.654
    132       5   29.089   -8.646    0.057    0.636
    133       5   29.176    1.445    0.068    0.662
    134       5   29.269    1.553    0.079    0.660
    135       5   29.474    3.426    0.104    0.657
    136       5   29.532    0.964    0.110    0.650
    137       4   29.479   -0.883    0.103    0.649
    138       4   29.515    0.602    0.106    0.653
    139       4   29.535    0.335    0.108    0.653
    140       5   29.654    1.981    0.122    0.654
    141       6   29.712    0.964    0.128    0.650
    142       3   29.899    3.123    0.149    0.649
    143       6   29.916    0.268    0.150    0.642
    144       4   29.817   -1.651    0.137    0.643
    145       5   29.937    2.008    0.150    0.650
    146       4   29.897   -0.669    0.144    0.646
    147       2   29.881   -0.268    0.142    0.650
    148       6   30.143    4.372    0.170    0.652
    149       6   30.156    0.223    0.171    0.642
    150       6   30.213    0.937    0.176    0.643
    151       5   30.274    1.026    0.182    0.642
    152       4   30.330    0.937    0.187    0.641
    153       5   30.583    4.202    0.213    0.640
    154       4   30.575   -0.120    0.211    0.630
    155       5   30.759    3.065    0.229    0.632
    156       5   31.251    8.191    0.281    0.625
    157       5   30.862   -6.478    0.237    0.602
    158       5   31.071    3.480    0.258    0.623
    159       5   31.106    0.589    0.260    0.615
    160       5   31.341    3.908    0.283    0.615
    161       5   31.305   -0.589    0.278    0.605
    162       5   31.350    0.750    0.281    0.609
    163       6   31.407    0.937    0.285    0.608
    164       5   31.537    2.168    0.296    0.607
    165       6   31.506   -0.517    0.291    0.603
    166       6   31.666    2.677    0.306    0.606
    167       6   31.765    1.651    0.314    0.600
    168       5   31.806    0.687    0.316    0.596
    169       4   31.880    1.231    0.321    0.596
    170       5   31.912    0.535    0.323    0.594
    171       4   31.840   -1.205    0.314    0.594
    172       5   31.903    1.044    0.318    0.600
    173       4   32.177    4.577    0.343    0.599
    174       5   32.070   -1.793    0.330    0.586
    175       4   32.089    0.321    0.330    0.594
    176       3   32.159    1.160    0.335    0.595
    177       6   32.239    1.338    0.341    0.593
    178       6   32.298    0.981    0.344    0.590
    179       6   32.108   -3.167    0.325    0.589
    180       6   32.263    2.588    0.337    0.601
    181       6   32.392    2.141    0.347    0.595
    182       5   32.430    0.633    0.349    0.590
    183       6   32.450    0.348    0.349    0.590
    184       5   32.452    0.027    0.347    0.590
    185       5   32.571    1.981    0.356    0.592
    186       6   32.579    0.134    0.355    0.588
    187       6   32.683    1.740    0.362    0.589
    188       5   32.725    0.696    0.364    0.586
    189       5   32.793    1.124    0.368    0.585
    190       6   32.833    0.678    0.370    0.583
    191       5   32.850    0.286    0.369    0.583
    192       5   32.648   -3.373    0.350    0.584
    193       6   32.764    1.927    0.358    0.597
    194       5   32.593   -2.837    0.341    0.593
    195       4   32.314   -4.658    0.316    0.604
    196       3   32.330    0.268    0.315    0.622
    197       4   32.222   -1.807    0.305    0.623
    198       6   32.169   -0.870    0.299    0.631
    199       6   32.549    6.335    0.329    0.636
    200       6   32.614    1.071    0.333    0.617
    201       5   32.619    0.089    0.332    0.615
    202       5   32.886    4.443    0.352    0.617
    203       5   32.866   -0.321    0.349    0.604
    204       5   32.995    2.141    0.358    0.607
    205       5   32.879   -1.927    0.346    0.602
    206       5   32.632   -4.122    0.325    0.611
    207       5   32.748    1.927    0.332    0.627
    208       3   32.624   -2.052    0.321    0.622
    209       5   32.439   -3.087    0.304    0.632
    210       6   33.021    9.690    0.349    0.645
    211       6   33.288    4.461    0.369    0.613
    212       4   33.081   -3.457    0.351    0.600
    213       5   33.178    1.619    0.357    0.614
    214       3   32.935   -4.051    0.336    0.610
    215       4   33.318    6.380    0.364    0.627
    216       6   33.379    1.026    0.367    0.606
    217       5   33.419    0.660    0.369    0.605
    218       5   34.106   11.457    0.420    0.605
    219       4   33.434  -11.202    0.367    0.565
    220       5   33.438    0.067    0.365    0.608
    221       6   33.414   -0.402    0.362    0.610
    222       5   33.300   -1.901    0.351    0.614
    223       4   33.410    1.834    0.358    0.623
    224       4   33.539    2.141    0.366    0.619
    225       4   33.278   -4.350    0.345    0.613
    226       4   33.350    1.205    0.349    0.631
    227       4   33.527    2.944    0.360    0.629
    228       5   33.355   -2.864    0.346    0.621
    229       4   33.362    0.120    0.345    0.634
    230       4   33.314   -0.803    0.340    0.635
    231       5   33.368    0.897    0.343    0.641
    232       5   33.583    3.587    0.357    0.640
    233       4   33.490   -1.539    0.348    0.629
    234       5   33.730    4.002    0.364    0.637
    235       5   33.464   -4.443    0.344    0.624
    236       4   33.796    5.528    0.366    0.644
    237       6   33.759   -0.602    0.362    0.625
    238       4   33.719   -0.669    0.357    0.630
    239       4   33.703   -0.268    0.355    0.635
    240       5   33.653   -0.830    0.350    0.638
    241       5   33.268   -6.424    0.321    0.644
    242       5   33.743    7.923    0.353    0.672
    243       6   33.955    3.524    0.366    0.643
    244       5   33.894   -1.008    0.360    0.632
    245       4   33.779   -1.914    0.351    0.638
    246       5   33.820    0.683    0.352    0.648
    247       6   33.826    0.098    0.351    0.648
    248       5   33.872    0.758    0.353    0.650
    249       4   33.635   -3.948    0.336    0.650
    250       6   33.917    4.707    0.353    0.669
    251       4   33.567   -5.844    0.328    0.652
    252       6   33.987    7.004    0.355    0.679
    253       4   33.792   -3.257    0.341    0.653
    254       4   33.884    1.539    0.345    0.669
    255       5   33.808   -1.271    0.339    0.665
    256       5   34.013    3.426    0.351    0.673
    257       5   33.827   -3.105    0.338    0.662
    258       4   33.808   -0.321    0.335    0.678
    259       4   33.928    2.008    0.342    0.682
    260       6   33.877   -0.848    0.337    0.676
    261       5   33.917    0.660    0.338    0.683
    262       4   34.213    4.939    0.356    0.683
    263       6   34.081   -2.208    0.346    0.665
    264       4   33.775   -5.086    0.325    0.677
    265       4   34.000    3.747    0.338    0.702
    266       5   33.978   -0.375    0.336    0.689
    267       5   34.016    0.642    0.337    0.693
    268       5   34.061    0.749    0.338    0.694
    269       4   33.876   -3.092    0.326    0.693
    270       5   33.952    1.272    0.329    0.710
    271       6   34.107    2.588    0.337    0.708
    272       4   34.008   -1.651    0.330    0.699
    273       4   34.309    5.019    0.347    0.710
    274       5   34.004   -5.099    0.327    0.690
    275       3   33.936   -1.124    0.322    0.716
    276       5   34.270    5.568    0.341    0.725
    277       6   34.129   -2.356    0.331    0.703
    278       5   34.280    2.516    0.339    0.717
    279       5   34.180   -1.660    0.332    0.708
    280       5   34.129   -0.857    0.328    0.719
    281       5   34.154    0.428    0.328    0.727
    282       3   34.097   -0.964    0.324    0.728
    283       6   34.062   -0.580    0.320    0.736
    284       5   34.100    0.633    0.322    0.742
    285       5   34.203    1.713    0.326    0.743
    286       5   34.656    7.548    0.352    0.738
    287       6   34.466   -3.159    0.340    0.706
    288       5   34.305   -2.677    0.329    0.724
    289       3   34.284   -0.357    0.327    0.741
    290       6   34.378    1.561    0.331    0.746
    291       5   34.347   -0.509    0.328    0.742
    292       6   34.458    1.847    0.333    0.748
    293       5   34.354   -1.740    0.326    0.743
    294       4   34.201   -2.543    0.316    0.755
    295       3   33.952   -4.149    0.301    0.771
    296       5   34.010    0.964    0.303    0.796
    297       6   34.129    1.981    0.309    0.795
    298       4   33.711   -6.960    0.285    0.789
    299       6   34.054    5.710    0.303    0.829
    300       5   33.801   -4.211    0.288    0.804
    301       5   33.624   -2.944    0.277    0.829
    302       5   33.737    1.874    0.282    0.849
    303       5   33.467   -4.497    0.266    0.843
    304       4   33.165   -5.032    0.249    0.871
    305       6   33.585    7.004    0.271    0.902
    306       6   34.051    7.763    0.296    0.870
    307       4   33.944   -1.784    0.289    0.834
    308       5   34.036    1.526    0.293    0.848
    309       4   33.916   -1.994    0.285    0.844
    310       6   34.016    1.673    0.290    0.859
    311       4   33.804   -3.547    0.278    0.855
    312       6   34.008    3.413    0.288    0.879
    313       4   34.269    4.350    0.301    0.865
    314       5   34.325    0.923    0.303    0.846
    315       6   34.367    0.705    0.304    0.845
    316       4   34.269   -1.628    0.298    0.846
    317       5   34.206   -1.057    0.294    0.860
    318       5   34.199   -0.107    0.292    0.871
    319       6   34.474    4.577    0.306    0.876
    320       6   34.404   -1.160    0.301    0.855
    321       5   34.540    2.257    0.307    0.867
    322       5   34.302   -3.962    0.294    0.859
    323       4   34.482    2.998    0.302    0.887
    324       4   33.800  -11.376    0.266    0.874
    325       4   34.153    5.889    0.284    0.946
    326       6   34.370    3.614    0.294    0.917
    327       3   34.257   -1.874    0.287    0.901
    328       4   33.900   -5.956    0.268    0.917
    329       5   33.766   -2.235    0.260    0.959
    330       6   33.979    3.551    0.270    0.978
    331       5   34.093    1.909    0.275    0.962
    332       5   33.923   -2.837    0.266    0.956
    333       4   33.659   -4.403    0.252    0.980
    334       4   33.892    3.881    0.263    1.013
    335       6   34.388    8.276    0.287    0.995
    336       4   34.109   -4.662    0.272    0.950
    337       5   34.074   -0.576    0.270    0.985
    338       5   34.055   -0.321    0.268    0.995
    339       5   34.363    5.139    0.282    1.003
    340       5   34.408    0.750    0.284    0.977
    341       6   34.410    0.027    0.283    0.978
    342       5   34.784    6.237    0.300    0.984
    343       4   34.759   -0.415    0.298    0.950
    344       4   34.615   -2.409    0.290    0.959
    345       6   34.787    2.878    0.298    0.981
    346       6   34.761   -0.446    0.296    0.969
    347       5   34.829    1.142    0.298    0.978
    348       3   34.734   -1.588    0.293    0.977
    349       5   35.012    4.640    0.305    0.994
    350       5   34.990   -0.375    0.303    0.969
    351       4   35.149    2.650    0.310    0.979
    352       4   35.217    1.138    0.312    0.967
    353       5   35.083   -2.235    0.305    0.966
    354       5   35.250    2.784    0.312    0.988
    355       5   35.378    2.141    0.317    0.976
    356       4   35.273   -1.753    0.311    0.967
    357       4   35.546    4.551    0.323    0.987
    358       5   35.491   -0.923    0.320    0.961
    359       5   35.549    0.964    0.322    0.975
    360       6   35.547   -0.018    0.321    0.975
    361       5   35.581    0.553    0.321    0.982
    362       5   35.693    1.874    0.326    0.986
    363       4   35.667   -0.442    0.324    0.979
    364       6   35.743    1.272    0.326    0.990
    365       5   35.886    2.382    0.332    0.987
    366       4   35.731   -2.583    0.324    0.977
    367       5   35.838    1.780    0.328    1.004
    368       4   35.819   -0.308    0.326    0.998
    369       5   35.822    0.040    0.325    1.009
    370       5   35.973    2.516    0.331    1.016
    371       5   35.812   -2.677    0.323    1.004
    372       4   35.779   -0.549    0.321    1.034
    373       6   35.799    0.335    0.321    1.047
    374       6   35.829    0.491    0.321    1.053
    375       5   35.905    1.276    0.324    1.057
    376       5   35.921    0.268    0.324    1.055
    377       5   36.056    2.248    0.329    1.062
    378       5   36.303    4.122    0.339    1.052
    379       4   36.249   -0.910    0.335    1.026
    380       4   36.289    0.669    0.336    1.042
    381       5   36.442    2.543    0.342    1.046
    382       5   36.557    1.927    0.346    1.033
    383       4   36.646    1.486    0.349    1.025
    384       5   36.808    2.690    0.355    1.021
    385       5   36.808    0.000    0.354    1.005
    386       6   37.116    5.139    0.367    1.015
    387       5   37.106   -0.161    0.366    0.977
    388       3   37.330    3.730    0.374    0.987
    389       4   37.232   -1.628    0.369    0.962
    390       6   37.504    4.528    0.380    0.986
    391       4   37.345   -2.655    0.372    0.952
    392       5   37.473    2.128    0.376    0.987
    393       6   37.440   -0.544    0.374    0.976
    394       4   37.546    1.762    0.378    0.991
    395       5   37.556    0.174    0.377    0.983
    396       4   37.622    1.097    0.379    0.991
    397       5   37.588   -0.562    0.377    0.990
    398       4   37.610    0.361    0.377    1.006
    399       4   37.726    1.941    0.380    1.013
    400       5   37.836    1.820    0.384    1.003
    401       4   38.168    5.541    0.397    0.994
    402       6   38.206    0.625    0.398    0.946
    403       6   38.318    1.874    0.401    0.950
    404       5   38.439    2.025    0.405    0.940
    405       6   38.540    1.677    0.408    0.928
    406       5   38.648    1.802    0.412    0.919
    407       6   38.762    1.900    0.416    0.909
    408       3   38.663   -1.651    0.410    0.898
    409       5   38.851    3.123    0.417    0.927
    410       4   38.847   -0.067    0.416    0.902
    411       4   38.939    1.539    0.419    0.913
    412       5   39.002    1.044    0.420    0.906
    413       6   39.255    4.220    0.429    0.904
    414       6   39.263    0.134    0.429    0.864
    415       4   39.212   -0.848    0.426    0.873
    416       6   39.469    4.283    0.435    0.894
    417       5   39.586    1.954    0.439    0.851
    418       5   39.503   -1.392    0.434    0.837
    419       6   39.648    2.427    0.439    0.866
    420       5   39.583   -1.089    0.435    0.846
    421       4   39.634    0.843    0.436    0.871
    422       5   39.634    0.013    0.435    0.872
    423       4   39.638    0.054    0.434    0.884
    424       5   39.647    0.161    0.434    0.895
    425       6   39.739    1.535    0.436    0.905
    426       5   39.949    3.498    0.443    0.896
    427       6   39.988    0.651    0.444    0.859
    428       6   40.133    2.409    0.449    0.862
    429       5   40.277    2.400    0.453    0.839
    430       5   40.235   -0.696    0.450    0.815
    431       5   40.347    1.874    0.454    0.838
    432       5   40.370    0.375    0.454    0.822
    433       3   40.548    2.962    0.459    0.829
    434       6   40.759    3.524    0.466    0.795
    435       6   40.703   -0.937    0.463    0.750
    436       6   40.797    1.561    0.466    0.778
    437       5   40.852    0.919    0.467    0.765
    438       5   40.926    1.231    0.469    0.762
    439       4   41.007    1.352    0.471    0.754
    440       5   41.080    1.218    0.472    0.743
    441       5   41.067   -0.214    0.471    0.735
    442       4   41.199    2.208    0.475    0.752
    443       5   41.131   -1.138    0.471    0.725
    444       4   41.195    1.071    0.472    0.761
    445       5   41.407    3.533    0.479    0.754
    446       5   41.420    0.214    0.479    0.699
    447       6   41.412   -0.134    0.477    0.709
    448       3   41.699    4.774    0.487    0.726
    449       5   41.619   -1.321    0.483    0.640
    450       5   41.825    3.426    0.489    0.683
    451       5   41.844    0.321    0.489    0.622
    452       4   42.002    2.637    0.494    0.629
    453       5   42.027    0.415    0.494    0.582
    454       5   42.294    4.443    0.502    0.586
    455       3   42.384    1.499    0.505    0.492
    456       4   42.436    0.870    0.505    0.467
    457       4   42.524    1.472    0.507    0.456
    458       4   42.436   -1.472    0.503    0.430
    459       5   42.660    3.734    0.510    0.481
    460       4   42.581   -1.325    0.506    0.391
    461       4   42.798    3.614    0.513    0.440
    462       4   42.773   -0.402    0.511    0.346
    463       5   42.863    1.486    0.513    0.369
    464       5   42.769   -1.552    0.509    0.334
    465       6   42.933    2.721    0.513    0.395
    466       5   43.242    5.148    0.523    0.317
    467       6   42.992   -4.167    0.513    0.151
    468       5   42.988   -0.062    0.512    0.305
    469       6   42.989    0.018    0.511    0.319
    470       3   43.107    1.963    0.514    0.330
    471       6   43.058   -0.803    0.511    0.265
    472       5   43.261    3.373    0.517    0.310
    473       5   43.164   -1.606    0.513    0.176
    474       5   43.357    3.212    0.519    0.257
    475       5   43.203   -2.570    0.512    0.117
    476       5   43.341    2.302    0.516    0.251
    477       5   43.226   -1.927    0.511    0.143
    478       5   43.357    2.195    0.514    0.258
    479       4   43.303   -0.897    0.511    0.144
    480       5   43.399    1.593    0.514    0.209
    481       6   43.350   -0.812    0.511    0.117
    482       6   43.297   -0.892    0.508    0.183
    483       5   43.460    2.721    0.512    0.266
    484       4   43.251   -3.480    0.504    0.061
    485       5   43.367    1.927    0.507    0.383
    486       5   43.267   -1.660    0.503    0.229
    487       6   43.441    2.900    0.508    0.439
    488       5   43.682    4.006    0.515    0.131
    489       5   43.566   -1.927    0.510   -0.423
    490       5   43.476   -1.499    0.506   -0.172
    491       5   43.492    0.268    0.505    0.094
    492       5   43.711    3.640    0.512    0.050
    493       4   43.761    0.843    0.512   -1.147
    494       5   43.685   -1.271    0.509   -2.141
    495       4   43.504   -3.011    0.501   -3.011
