  Minute   Ndata_cl   W[kg] Qs[g/s] Qcmforw[g/s] Qcmback[g/s]
      1       5   90.071 -999.000 -999.000 -999.000
      2       4   90.554    8.044    8.044    1.565
      3       4   90.554    0.000    4.022    1.306
      4       5   90.736    3.038    3.694    1.360
      5       5   91.048    5.193    4.069    1.287
      6       5   91.288    4.015    4.058    1.110
      7       5   91.639    5.835    4.354    0.971
      8       5   91.809    2.838    4.138    0.728
      9       5   92.088    4.657    4.203    0.617
     10       4   92.120    0.522    3.794    0.393
     11       5   92.021   -1.646    3.250    0.385
     12       4   92.144    2.048    3.140    0.512
     13       6   92.351    3.457    3.167    0.410
     14       5   92.297   -0.901    2.854    0.192
     15       4   91.871   -7.107    2.142    0.276
     16       4   92.092    3.681    2.245    0.891
     17       3   92.145    0.892    2.160    0.638
     18       6   92.413    4.461    2.296    0.612
     19       3   92.247   -2.766    2.015    0.184
     20       4   92.328    1.361    1.980    0.553
     21       5   92.233   -1.593    1.801    0.438
     22       5   92.194   -0.643    1.685    0.776
     23       5   92.573    6.317    1.896    1.060
     24       5   92.622    0.803    1.848   -0.254
     25       6   92.619   -0.045    1.769   -0.607
     26       4   92.646    0.446    1.716   -0.888
     27       5   92.512   -2.222    1.565   -2.222
